NodeSource,NodeDestination,Frequency,SubCarrier Power dBm,SubCarrier Power dBm Offset,Meas Rx Power dBm,Calc Rx Power dBm,Relative Power
00:09:8b:02:5a:c4,00:09:8b:02:5a:c0,1450195312.5,-47,-52,-22.379003399306782,-28,24
00:09:8b:02:5a:c4,00:09:8b:02:5a:c0,1450390625,-47,-52,-22.379003399306782,-28,24
00:09:8b:02:5a:c4,00:09:8b:02:5a:c0,1450585937.5,-46,-51,-22.379003399306782,-28,24
00:09:8b:02:5a:c4,00:09:8b:02:5a:c0,1450781250,-46,-51,-22.379003399306782,-28,24
00:09:8b:02:5a:c4,00:09:8b:02:5a:c0,1450976562.5,-46,-51,-22.379003399306782,-28,24
00:09:8b:02:5a:c4,00:09:8b:02:5a:c0,1451171875,-45,-50,-22.379003399306782,-28,24
00:09:8b:02:5a:c4,00:09:8b:02:5a:c0,1451367187.5,-44,-49,-22.379003399306782,-28,24
00:09:8b:02:5a:c4,00:09:8b:02:5a:c0,1451562500,-44,-49,-22.379003399306782,-28,24
00:09:8b:02:5a:c4,00:09:8b:02:5a:c0,1451757812.5,-42,-47,-22.379003399306782,-28,24
00:09:8b:02:5a:c4,00:09:8b:02:5a:c0,1451953125,-40,-45,-22.379003399306782,-28,24
00:09:8b:02:5a:c4,00:09:8b:02:5a:c0,1452148437.5,-41,-46,-22.379003399306782,-28,24
00:09:8b:02:5a:c4,00:09:8b:02:5a:c0,1452343750,-36,-41,-22.379003399306782,-28,24
00:09:8b:02:5a:c4,00:09:8b:02:5a:c0,1452539062.5,-31,-36,-22.379003399306782,-28,24
00:09:8b:02:5a:c4,00:09:8b:02:5a:c0,1452734375,-25,-30,-22.379003399306782,-28,24
00:09:8b:02:5a:c4,00:09:8b:02:5a:c0,1452929687.5,-25,-30,-22.379003399306782,-28,24
00:09:8b:02:5a:c4,00:09:8b:02:5a:c0,1453125000,-24,-29,-22.379003399306782,-28,24
00:09:8b:02:5a:c4,00:09:8b:02:5a:c0,1453320312.5,-25,-30,-22.379003399306782,-28,24
00:09:8b:02:5a:c4,00:09:8b:02:5a:c0,1453515625,-24,-29,-22.379003399306782,-28,24
00:09:8b:02:5a:c4,00:09:8b:02:5a:c0,1453710937.5,-25,-30,-22.379003399306782,-28,24
00:09:8b:02:5a:c4,00:09:8b:02:5a:c0,1453906250,-25,-30,-22.379003399306782,-28,24
00:09:8b:02:5a:c4,00:09:8b:02:5a:c0,1454101562.5,-23,-28,-22.379003399306782,-28,24
00:09:8b:02:5a:c4,00:09:8b:02:5a:c0,1454296875,-24,-29,-22.379003399306782,-28,24
00:09:8b:02:5a:c4,00:09:8b:02:5a:c0,1454492187.5,-26,-31,-22.379003399306782,-28,24
00:09:8b:02:5a:c4,00:09:8b:02:5a:c0,1454687500,-24,-29,-22.379003399306782,-28,24
00:09:8b:02:5a:c4,00:09:8b:02:5a:c0,1454882812.5,-25,-30,-22.379003399306782,-28,24
00:09:8b:02:5a:c4,00:09:8b:02:5a:c0,1455078125,-25,-30,-22.379003399306782,-28,24
00:09:8b:02:5a:c4,00:09:8b:02:5a:c0,1455273437.5,-25,-30,-22.379003399306782,-28,24
00:09:8b:02:5a:c4,00:09:8b:02:5a:c0,1455468750,-26,-31,-22.379003399306782,-28,24
00:09:8b:02:5a:c4,00:09:8b:02:5a:c0,1455664062.5,-26,-31,-22.379003399306782,-28,24
00:09:8b:02:5a:c4,00:09:8b:02:5a:c0,1455859375,-28,-33,-22.379003399306782,-28,24
00:09:8b:02:5a:c4,00:09:8b:02:5a:c0,1456054687.5,-28,-33,-22.379003399306782,-28,24
00:09:8b:02:5a:c4,00:09:8b:02:5a:c0,1456250000,-26,-31,-22.379003399306782,-28,24
00:09:8b:02:5a:c4,00:09:8b:02:5a:c0,1456445312.5,-28,-33,-22.379003399306782,-28,24
00:09:8b:02:5a:c4,00:09:8b:02:5a:c0,1456640625,-29,-34,-22.379003399306782,-28,24
00:09:8b:02:5a:c4,00:09:8b:02:5a:c0,1456835937.5,-29,-34,-22.379003399306782,-28,24
00:09:8b:02:5a:c4,00:09:8b:02:5a:c0,1457031250,-30,-35,-22.379003399306782,-28,24
00:09:8b:02:5a:c4,00:09:8b:02:5a:c0,1457226562.5,-32,-37,-22.379003399306782,-28,24
00:09:8b:02:5a:c4,00:09:8b:02:5a:c0,1457421875,-32,-37,-22.379003399306782,-28,24
00:09:8b:02:5a:c4,00:09:8b:02:5a:c0,1457617187.5,-34,-39,-22.379003399306782,-28,24
00:09:8b:02:5a:c4,00:09:8b:02:5a:c0,1457812500,-35,-40,-22.379003399306782,-28,24
00:09:8b:02:5a:c4,00:09:8b:02:5a:c0,1458007812.5,-38,-43,-22.379003399306782,-28,24
00:09:8b:02:5a:c4,00:09:8b:02:5a:c0,1458203125,-41,-46,-22.379003399306782,-28,24
00:09:8b:02:5a:c4,00:09:8b:02:5a:c0,1458398437.5,-42,-47,-22.379003399306782,-28,24
00:09:8b:02:5a:c4,00:09:8b:02:5a:c0,1458593750,-42,-47,-22.379003399306782,-28,24
00:09:8b:02:5a:c4,00:09:8b:02:5a:c0,1458789062.5,-39,-44,-22.379003399306782,-28,24
00:09:8b:02:5a:c4,00:09:8b:02:5a:c0,1458984375,-38,-43,-22.379003399306782,-28,24
00:09:8b:02:5a:c4,00:09:8b:02:5a:c0,1459179687.5,-34,-39,-22.379003399306782,-28,24
00:09:8b:02:5a:c4,00:09:8b:02:5a:c0,1459375000,-34,-39,-22.379003399306782,-28,24
00:09:8b:02:5a:c4,00:09:8b:02:5a:c0,1459570312.5,-34,-39,-22.379003399306782,-28,24
00:09:8b:02:5a:c4,00:09:8b:02:5a:c0,1459765625,-32,-37,-22.379003399306782,-28,24
00:09:8b:02:5a:c4,00:09:8b:02:5a:c0,1459960937.5,-29,-34,-22.379003399306782,-28,24
00:09:8b:02:5a:c4,00:09:8b:02:5a:c0,1460156250,-30,-35,-22.379003399306782,-28,24
00:09:8b:02:5a:c4,00:09:8b:02:5a:c0,1460351562.5,-29,-34,-22.379003399306782,-28,24
00:09:8b:02:5a:c4,00:09:8b:02:5a:c0,1460546875,-28,-33,-22.379003399306782,-28,24
00:09:8b:02:5a:c4,00:09:8b:02:5a:c0,1460742187.5,-28,-33,-22.379003399306782,-28,24
00:09:8b:02:5a:c4,00:09:8b:02:5a:c0,1460937500,-27,-32,-22.379003399306782,-28,24
00:09:8b:02:5a:c4,00:09:8b:02:5a:c0,1461132812.5,-27,-32,-22.379003399306782,-28,24
00:09:8b:02:5a:c4,00:09:8b:02:5a:c0,1461328125,-26,-31,-22.379003399306782,-28,24
00:09:8b:02:5a:c4,00:09:8b:02:5a:c0,1461523437.5,-25,-30,-22.379003399306782,-28,24
00:09:8b:02:5a:c4,00:09:8b:02:5a:c0,1461718750,-25,-30,-22.379003399306782,-28,24
00:09:8b:02:5a:c4,00:09:8b:02:5a:c0,1461914062.5,-24,-29,-22.379003399306782,-28,24
00:09:8b:02:5a:c4,00:09:8b:02:5a:c0,1462109375,-24,-29,-22.379003399306782,-28,24
00:09:8b:02:5a:c4,00:09:8b:02:5a:c0,1462304687.5,-26,-31,-22.379003399306782,-28,24
00:09:8b:02:5a:c4,00:09:8b:02:5a:c0,1462500000,-26,-31,-22.379003399306782,-28,24
00:09:8b:02:5a:c4,00:09:8b:02:5a:c0,1462695312.5,-26,-31,-22.379003399306782,-28,24
00:09:8b:02:5a:c4,00:09:8b:02:5a:c0,1462890625,-24,-29,-22.379003399306782,-28,24
00:09:8b:02:5a:c4,00:09:8b:02:5a:c0,1463085937.5,-25,-30,-22.379003399306782,-28,24
00:09:8b:02:5a:c4,00:09:8b:02:5a:c0,1463281250,-25,-30,-22.379003399306782,-28,24
00:09:8b:02:5a:c4,00:09:8b:02:5a:c0,1463476562.5,-25,-30,-22.379003399306782,-28,24
00:09:8b:02:5a:c4,00:09:8b:02:5a:c0,1463671875,-24,-29,-22.379003399306782,-28,24
00:09:8b:02:5a:c4,00:09:8b:02:5a:c0,1463867187.5,-25,-30,-22.379003399306782,-28,24
00:09:8b:02:5a:c4,00:09:8b:02:5a:c0,1464062500,-24,-29,-22.379003399306782,-28,24
00:09:8b:02:5a:c4,00:09:8b:02:5a:c0,1464257812.5,-24,-29,-22.379003399306782,-28,24
00:09:8b:02:5a:c4,00:09:8b:02:5a:c0,1464453125,-25,-30,-22.379003399306782,-28,24
00:09:8b:02:5a:c4,00:09:8b:02:5a:c0,1464648437.5,-26,-31,-22.379003399306782,-28,24
00:09:8b:02:5a:c4,00:09:8b:02:5a:c0,1464843750,-25,-30,-22.379003399306782,-28,24
00:09:8b:02:5a:c4,00:09:8b:02:5a:c0,1465039062.5,-25,-30,-22.379003399306782,-28,24
00:09:8b:02:5a:c4,00:09:8b:02:5a:c0,1465234375,-24,-29,-22.379003399306782,-28,24
00:09:8b:02:5a:c4,00:09:8b:02:5a:c0,1465429687.5,-25,-30,-22.379003399306782,-28,24
00:09:8b:02:5a:c4,00:09:8b:02:5a:c0,1465625000,-25,-30,-22.379003399306782,-28,24
00:09:8b:02:5a:c4,00:09:8b:02:5a:c0,1465820312.5,-25,-30,-22.379003399306782,-28,24
00:09:8b:02:5a:c4,00:09:8b:02:5a:c0,1466015625,-25,-30,-22.379003399306782,-28,24
00:09:8b:02:5a:c4,00:09:8b:02:5a:c0,1466210937.5,-25,-30,-22.379003399306782,-28,24
00:09:8b:02:5a:c4,00:09:8b:02:5a:c0,1466406250,-25,-30,-22.379003399306782,-28,24
00:09:8b:02:5a:c4,00:09:8b:02:5a:c0,1466601562.5,-26,-31,-22.379003399306782,-28,24
00:09:8b:02:5a:c4,00:09:8b:02:5a:c0,1466796875,-25,-30,-22.379003399306782,-28,24
00:09:8b:02:5a:c4,00:09:8b:02:5a:c0,1466992187.5,-26,-31,-22.379003399306782,-28,24
00:09:8b:02:5a:c4,00:09:8b:02:5a:c0,1467187500,-26,-31,-22.379003399306782,-28,24
00:09:8b:02:5a:c4,00:09:8b:02:5a:c0,1467382812.5,-25,-30,-22.379003399306782,-28,24
00:09:8b:02:5a:c4,00:09:8b:02:5a:c0,1467578125,-25,-30,-22.379003399306782,-28,24
00:09:8b:02:5a:c4,00:09:8b:02:5a:c0,1467773437.5,-25,-30,-22.379003399306782,-28,24
00:09:8b:02:5a:c4,00:09:8b:02:5a:c0,1467968750,-25,-30,-22.379003399306782,-28,24
00:09:8b:02:5a:c4,00:09:8b:02:5a:c0,1468164062.5,-25,-30,-22.379003399306782,-28,24
00:09:8b:02:5a:c4,00:09:8b:02:5a:c0,1468359375,-25,-30,-22.379003399306782,-28,24
00:09:8b:02:5a:c4,00:09:8b:02:5a:c0,1468554687.5,-26,-31,-22.379003399306782,-28,24
00:09:8b:02:5a:c4,00:09:8b:02:5a:c0,1468750000,-26,-31,-22.379003399306782,-28,24
00:09:8b:02:5a:c4,00:09:8b:02:5a:c0,1468945312.5,-25,-30,-22.379003399306782,-28,24
00:09:8b:02:5a:c4,00:09:8b:02:5a:c0,1469140625,-26,-31,-22.379003399306782,-28,24
00:09:8b:02:5a:c4,00:09:8b:02:5a:c0,1469335937.5,-24,-29,-22.379003399306782,-28,24
00:09:8b:02:5a:c4,00:09:8b:02:5a:c0,1469531250,-25,-30,-22.379003399306782,-28,24
00:09:8b:02:5a:c4,00:09:8b:02:5a:c0,1469726562.5,-24,-29,-22.379003399306782,-28,24
00:09:8b:02:5a:c4,00:09:8b:02:5a:c0,1469921875,-25,-30,-22.379003399306782,-28,24
00:09:8b:02:5a:c4,00:09:8b:02:5a:c0,1470117187.5,-25,-30,-22.379003399306782,-28,24
00:09:8b:02:5a:c4,00:09:8b:02:5a:c0,1470312500,-25,-30,-22.379003399306782,-28,24
00:09:8b:02:5a:c4,00:09:8b:02:5a:c0,1470507812.5,-26,-31,-22.379003399306782,-28,24
00:09:8b:02:5a:c4,00:09:8b:02:5a:c0,1470703125,-26,-31,-22.379003399306782,-28,24
00:09:8b:02:5a:c4,00:09:8b:02:5a:c0,1470898437.5,-25,-30,-22.379003399306782,-28,24
00:09:8b:02:5a:c4,00:09:8b:02:5a:c0,1471093750,-26,-31,-22.379003399306782,-28,24
00:09:8b:02:5a:c4,00:09:8b:02:5a:c0,1471289062.5,-26,-31,-22.379003399306782,-28,24
00:09:8b:02:5a:c4,00:09:8b:02:5a:c0,1471484375,-26,-31,-22.379003399306782,-28,24
00:09:8b:02:5a:c4,00:09:8b:02:5a:c0,1471679687.5,-28,-33,-22.379003399306782,-28,24
00:09:8b:02:5a:c4,00:09:8b:02:5a:c0,1471875000,-30,-35,-22.379003399306782,-28,24
00:09:8b:02:5a:c4,00:09:8b:02:5a:c0,1472070312.5,-29,-34,-22.379003399306782,-28,24
00:09:8b:02:5a:c4,00:09:8b:02:5a:c0,1472265625,-30,-35,-22.379003399306782,-28,24
00:09:8b:02:5a:c4,00:09:8b:02:5a:c0,1472460937.5,-30,-35,-22.379003399306782,-28,24
00:09:8b:02:5a:c4,00:09:8b:02:5a:c0,1472656250,-31,-36,-22.379003399306782,-28,24
00:09:8b:02:5a:c4,00:09:8b:02:5a:c0,1472851562.5,-32,-37,-22.379003399306782,-28,24
00:09:8b:02:5a:c4,00:09:8b:02:5a:c0,1473046875,-33,-38,-22.379003399306782,-28,24
00:09:8b:02:5a:c4,00:09:8b:02:5a:c0,1473242187.5,-35,-40,-22.379003399306782,-28,24
00:09:8b:02:5a:c4,00:09:8b:02:5a:c0,1473437500,-37,-42,-22.379003399306782,-28,24
00:09:8b:02:5a:c4,00:09:8b:02:5a:c0,1473632812.5,-40,-45,-22.379003399306782,-28,24
00:09:8b:02:5a:c4,00:09:8b:02:5a:c0,1473828125,-43,-48,-22.379003399306782,-28,24
00:09:8b:02:5a:c4,00:09:8b:02:5a:c0,1474023437.5,-45,-50,-22.379003399306782,-28,24
00:09:8b:02:5a:c4,00:09:8b:02:5a:c0,1474218750,-45,-50,-22.379003399306782,-28,24
00:09:8b:02:5a:c4,00:09:8b:02:5a:c0,1474414062.5,-42,-47,-22.379003399306782,-28,24
00:09:8b:02:5a:c4,00:09:8b:02:5a:c0,1474609375,-40,-45,-22.379003399306782,-28,24
00:09:8b:02:5a:c4,00:09:8b:02:5a:c0,1474804687.5,-38,-43,-22.379003399306782,-28,24
00:09:8b:02:5a:c4,00:09:8b:02:5a:c0,1475000000,-35,-40,-22.379003399306782,-28,24
00:09:8b:02:5a:c4,00:09:8b:02:5a:c0,1475195312.5,-35,-40,-22.379003399306782,-28,24
00:09:8b:02:5a:c4,00:09:8b:02:5a:c0,1475390625,-34,-39,-22.379003399306782,-28,24
00:09:8b:02:5a:c4,00:09:8b:02:5a:c0,1475585937.5,-32,-37,-22.379003399306782,-28,24
00:09:8b:02:5a:c4,00:09:8b:02:5a:c0,1475781250,-33,-38,-22.379003399306782,-28,24
00:09:8b:02:5a:c4,00:09:8b:02:5a:c0,1475976562.5,-32,-37,-22.379003399306782,-28,24
00:09:8b:02:5a:c4,00:09:8b:02:5a:c0,1476171875,-30,-35,-22.379003399306782,-28,24
00:09:8b:02:5a:c4,00:09:8b:02:5a:c0,1476367187.5,-29,-34,-22.379003399306782,-28,24
00:09:8b:02:5a:c4,00:09:8b:02:5a:c0,1476562500,-30,-35,-22.379003399306782,-28,24
00:09:8b:02:5a:c4,00:09:8b:02:5a:c0,1476757812.5,-29,-34,-22.379003399306782,-28,24
00:09:8b:02:5a:c4,00:09:8b:02:5a:c0,1476953125,-28,-33,-22.379003399306782,-28,24
00:09:8b:02:5a:c4,00:09:8b:02:5a:c0,1477148437.5,-28,-33,-22.379003399306782,-28,24
00:09:8b:02:5a:c4,00:09:8b:02:5a:c0,1477343750,-28,-33,-22.379003399306782,-28,24
00:09:8b:02:5a:c4,00:09:8b:02:5a:c0,1477539062.5,-27,-32,-22.379003399306782,-28,24
00:09:8b:02:5a:c4,00:09:8b:02:5a:c0,1477734375,-28,-33,-22.379003399306782,-28,24
00:09:8b:02:5a:c4,00:09:8b:02:5a:c0,1477929687.5,-28,-33,-22.379003399306782,-28,24
00:09:8b:02:5a:c4,00:09:8b:02:5a:c0,1478125000,-27,-32,-22.379003399306782,-28,24
00:09:8b:02:5a:c4,00:09:8b:02:5a:c0,1478320312.5,-26,-31,-22.379003399306782,-28,24
00:09:8b:02:5a:c4,00:09:8b:02:5a:c0,1478515625,-28,-33,-22.379003399306782,-28,24
00:09:8b:02:5a:c4,00:09:8b:02:5a:c0,1478710937.5,-29,-34,-22.379003399306782,-28,24
00:09:8b:02:5a:c4,00:09:8b:02:5a:c0,1478906250,-27,-32,-22.379003399306782,-28,24
00:09:8b:02:5a:c4,00:09:8b:02:5a:c0,1479101562.5,-27,-32,-22.379003399306782,-28,24
00:09:8b:02:5a:c4,00:09:8b:02:5a:c0,1479296875,-26,-31,-22.379003399306782,-28,24
00:09:8b:02:5a:c4,00:09:8b:02:5a:c0,1479492187.5,-26,-31,-22.379003399306782,-28,24
00:09:8b:02:5a:c4,00:09:8b:02:5a:c0,1479687500,-26,-31,-22.379003399306782,-28,24
00:09:8b:02:5a:c4,00:09:8b:02:5a:c0,1479882812.5,-27,-32,-22.379003399306782,-28,24
00:09:8b:02:5a:c4,00:09:8b:02:5a:c0,1480078125,-27,-32,-22.379003399306782,-28,24
00:09:8b:02:5a:c4,00:09:8b:02:5a:c0,1480273437.5,-26,-31,-22.379003399306782,-28,24
00:09:8b:02:5a:c4,00:09:8b:02:5a:c0,1480468750,-26,-31,-22.379003399306782,-28,24
00:09:8b:02:5a:c4,00:09:8b:02:5a:c0,1480664062.5,-25,-30,-22.379003399306782,-28,24
00:09:8b:02:5a:c4,00:09:8b:02:5a:c0,1480859375,-26,-31,-22.379003399306782,-28,24
00:09:8b:02:5a:c4,00:09:8b:02:5a:c0,1481054687.5,-27,-32,-22.379003399306782,-28,24
00:09:8b:02:5a:c4,00:09:8b:02:5a:c0,1481250000,-26,-31,-22.379003399306782,-28,24
00:09:8b:02:5a:c4,00:09:8b:02:5a:c0,1481445312.5,-26,-31,-22.379003399306782,-28,24
00:09:8b:02:5a:c4,00:09:8b:02:5a:c0,1481640625,-26,-31,-22.379003399306782,-28,24
00:09:8b:02:5a:c4,00:09:8b:02:5a:c0,1481835937.5,-26,-31,-22.379003399306782,-28,24
00:09:8b:02:5a:c4,00:09:8b:02:5a:c0,1482031250,-26,-31,-22.379003399306782,-28,24
00:09:8b:02:5a:c4,00:09:8b:02:5a:c0,1482226562.5,-26,-31,-22.379003399306782,-28,24
00:09:8b:02:5a:c4,00:09:8b:02:5a:c0,1482421875,-26,-31,-22.379003399306782,-28,24
00:09:8b:02:5a:c4,00:09:8b:02:5a:c0,1482617187.5,-26,-31,-22.379003399306782,-28,24
00:09:8b:02:5a:c4,00:09:8b:02:5a:c0,1482812500,-26,-31,-22.379003399306782,-28,24
00:09:8b:02:5a:c4,00:09:8b:02:5a:c0,1483007812.5,-25,-30,-22.379003399306782,-28,24
00:09:8b:02:5a:c4,00:09:8b:02:5a:c0,1483203125,-26,-31,-22.379003399306782,-28,24
00:09:8b:02:5a:c4,00:09:8b:02:5a:c0,1483398437.5,-27,-32,-22.379003399306782,-28,24
00:09:8b:02:5a:c4,00:09:8b:02:5a:c0,1483593750,-26,-31,-22.379003399306782,-28,24
00:09:8b:02:5a:c4,00:09:8b:02:5a:c0,1483789062.5,-26,-31,-22.379003399306782,-28,24
00:09:8b:02:5a:c4,00:09:8b:02:5a:c0,1483984375,-26,-31,-22.379003399306782,-28,24
00:09:8b:02:5a:c4,00:09:8b:02:5a:c0,1484179687.5,-27,-32,-22.379003399306782,-28,24
00:09:8b:02:5a:c4,00:09:8b:02:5a:c0,1484375000,-26,-31,-22.379003399306782,-28,24
00:09:8b:02:5a:c4,00:09:8b:02:5a:c0,1484570312.5,-27,-32,-22.379003399306782,-28,24
00:09:8b:02:5a:c4,00:09:8b:02:5a:c0,1484765625,-26,-31,-22.379003399306782,-28,24
00:09:8b:02:5a:c4,00:09:8b:02:5a:c0,1484960937.5,-26,-31,-22.379003399306782,-28,24
00:09:8b:02:5a:c4,00:09:8b:02:5a:c0,1485156250,-26,-31,-22.379003399306782,-28,24
00:09:8b:02:5a:c4,00:09:8b:02:5a:c0,1485351562.5,-26,-31,-22.379003399306782,-28,24
00:09:8b:02:5a:c4,00:09:8b:02:5a:c0,1485546875,-27,-32,-22.379003399306782,-28,24
00:09:8b:02:5a:c4,00:09:8b:02:5a:c0,1485742187.5,-27,-32,-22.379003399306782,-28,24
00:09:8b:02:5a:c4,00:09:8b:02:5a:c0,1485937500,-27,-32,-22.379003399306782,-28,24
00:09:8b:02:5a:c4,00:09:8b:02:5a:c0,1486132812.5,-27,-32,-22.379003399306782,-28,24
00:09:8b:02:5a:c4,00:09:8b:02:5a:c0,1486328125,-27,-32,-22.379003399306782,-28,24
00:09:8b:02:5a:c4,00:09:8b:02:5a:c0,1486523437.5,-28,-33,-22.379003399306782,-28,24
00:09:8b:02:5a:c4,00:09:8b:02:5a:c0,1486718750,-28,-33,-22.379003399306782,-28,24
00:09:8b:02:5a:c4,00:09:8b:02:5a:c0,1486914062.5,-29,-34,-22.379003399306782,-28,24
00:09:8b:02:5a:c4,00:09:8b:02:5a:c0,1487109375,-28,-33,-22.379003399306782,-28,24
00:09:8b:02:5a:c4,00:09:8b:02:5a:c0,1487304687.5,-29,-34,-22.379003399306782,-28,24
00:09:8b:02:5a:c4,00:09:8b:02:5a:c0,1487500000,-31,-36,-22.379003399306782,-28,24
00:09:8b:02:5a:c4,00:09:8b:02:5a:c0,1487695312.5,-30,-35,-22.379003399306782,-28,24
00:09:8b:02:5a:c4,00:09:8b:02:5a:c0,1487890625,-31,-36,-22.379003399306782,-28,24
00:09:8b:02:5a:c4,00:09:8b:02:5a:c0,1488085937.5,-31,-36,-22.379003399306782,-28,24
00:09:8b:02:5a:c4,00:09:8b:02:5a:c0,1488281250,-32,-37,-22.379003399306782,-28,24
00:09:8b:02:5a:c4,00:09:8b:02:5a:c0,1488476562.5,-33,-38,-22.379003399306782,-28,24
00:09:8b:02:5a:c4,00:09:8b:02:5a:c0,1488671875,-37,-42,-22.379003399306782,-28,24
00:09:8b:02:5a:c4,00:09:8b:02:5a:c0,1488867187.5,-37,-42,-22.379003399306782,-28,24
00:09:8b:02:5a:c4,00:09:8b:02:5a:c0,1489062500,-37,-42,-22.379003399306782,-28,24
00:09:8b:02:5a:c4,00:09:8b:02:5a:c0,1489257812.5,-41,-46,-22.379003399306782,-28,24
00:09:8b:02:5a:c4,00:09:8b:02:5a:c0,1489453125,-44,-49,-22.379003399306782,-28,24
00:09:8b:02:5a:c4,00:09:8b:02:5a:c0,1489648437.5,-46,-51,-22.379003399306782,-28,24
00:09:8b:02:5a:c4,00:09:8b:02:5a:c0,1489843750,-46,-51,-22.379003399306782,-28,24
00:09:8b:02:5a:c4,00:09:8b:02:5a:c0,1490039062.5,-44,-49,-22.379003399306782,-28,24
00:09:8b:02:5a:c4,00:09:8b:02:5a:c0,1490234375,-42,-47,-22.379003399306782,-28,24
00:09:8b:02:5a:c4,00:09:8b:02:5a:c0,1490429687.5,-39,-44,-22.379003399306782,-28,24
00:09:8b:02:5a:c4,00:09:8b:02:5a:c0,1490625000,-36,-41,-22.379003399306782,-28,24
00:09:8b:02:5a:c4,00:09:8b:02:5a:c0,1490820312.5,-35,-40,-22.379003399306782,-28,24
00:09:8b:02:5a:c4,00:09:8b:02:5a:c0,1491015625,-34,-39,-22.379003399306782,-28,24
00:09:8b:02:5a:c4,00:09:8b:02:5a:c0,1491210937.5,-32,-37,-22.379003399306782,-28,24
00:09:8b:02:5a:c4,00:09:8b:02:5a:c0,1491406250,-32,-37,-22.379003399306782,-28,24
00:09:8b:02:5a:c4,00:09:8b:02:5a:c0,1491601562.5,-32,-37,-22.379003399306782,-28,24
00:09:8b:02:5a:c4,00:09:8b:02:5a:c0,1491796875,-32,-37,-22.379003399306782,-28,24
00:09:8b:02:5a:c4,00:09:8b:02:5a:c0,1491992187.5,-30,-35,-22.379003399306782,-28,24
00:09:8b:02:5a:c4,00:09:8b:02:5a:c0,1492187500,-29,-34,-22.379003399306782,-28,24
00:09:8b:02:5a:c4,00:09:8b:02:5a:c0,1492382812.5,-29,-34,-22.379003399306782,-28,24
00:09:8b:02:5a:c4,00:09:8b:02:5a:c0,1492578125,-29,-34,-22.379003399306782,-28,24
00:09:8b:02:5a:c4,00:09:8b:02:5a:c0,1492773437.5,-28,-33,-22.379003399306782,-28,24
00:09:8b:02:5a:c4,00:09:8b:02:5a:c0,1492968750,-27,-32,-22.379003399306782,-28,24
00:09:8b:02:5a:c4,00:09:8b:02:5a:c0,1493164062.5,-28,-33,-22.379003399306782,-28,24
00:09:8b:02:5a:c4,00:09:8b:02:5a:c0,1493359375,-27,-32,-22.379003399306782,-28,24
00:09:8b:02:5a:c4,00:09:8b:02:5a:c0,1493554687.5,-28,-33,-22.379003399306782,-28,24
00:09:8b:02:5a:c4,00:09:8b:02:5a:c0,1493750000,-27,-32,-22.379003399306782,-28,24
00:09:8b:02:5a:c4,00:09:8b:02:5a:c0,1493945312.5,-27,-32,-22.379003399306782,-28,24
00:09:8b:02:5a:c4,00:09:8b:02:5a:c0,1494140625,-27,-32,-22.379003399306782,-28,24
00:09:8b:02:5a:c4,00:09:8b:02:5a:c0,1494335937.5,-26,-31,-22.379003399306782,-28,24
00:09:8b:02:5a:c4,00:09:8b:02:5a:c0,1494531250,-27,-32,-22.379003399306782,-28,24
00:09:8b:02:5a:c4,00:09:8b:02:5a:c0,1494726562.5,-28,-33,-22.379003399306782,-28,24
00:09:8b:02:5a:c4,00:09:8b:02:5a:c0,1494921875,-27,-32,-22.379003399306782,-28,24
00:09:8b:02:5a:c4,00:09:8b:02:5a:c0,1495117187.5,-26,-31,-22.379003399306782,-28,24
00:09:8b:02:5a:c4,00:09:8b:02:5a:c0,1495312500,-27,-32,-22.379003399306782,-28,24
00:09:8b:02:5a:c4,00:09:8b:02:5a:c0,1495507812.5,-27,-32,-22.379003399306782,-28,24
00:09:8b:02:5a:c4,00:09:8b:02:5a:c0,1495703125,-27,-32,-22.379003399306782,-28,24
00:09:8b:02:5a:c4,00:09:8b:02:5a:c0,1495898437.5,-26,-31,-22.379003399306782,-28,24
00:09:8b:02:5a:c4,00:09:8b:02:5a:c0,1496093750,-26,-31,-22.379003399306782,-28,24
00:09:8b:02:5a:c4,00:09:8b:02:5a:c0,1496289062.5,-27,-32,-22.379003399306782,-28,24
00:09:8b:02:5a:c4,00:09:8b:02:5a:c0,1496484375,-27,-32,-22.379003399306782,-28,24
00:09:8b:02:5a:c4,00:09:8b:02:5a:c0,1496679687.5,-28,-33,-22.379003399306782,-28,24
00:09:8b:02:5a:c4,00:09:8b:02:5a:c0,1496875000,-27,-32,-22.379003399306782,-28,24
00:09:8b:02:5a:c4,00:09:8b:02:5a:c0,1497070312.5,-27,-32,-22.379003399306782,-28,24
00:09:8b:02:5a:c4,00:09:8b:02:5a:c0,1497265625,-27,-32,-22.379003399306782,-28,24
00:09:8b:02:5a:c4,00:09:8b:02:5a:c0,1497460937.5,-27,-32,-22.379003399306782,-28,24
00:09:8b:02:5a:c4,00:09:8b:02:5a:c0,1497656250,-28,-33,-22.379003399306782,-28,24
00:09:8b:02:5a:c4,00:09:8b:02:5a:c0,1497851562.5,-26,-31,-22.379003399306782,-28,24
00:09:8b:02:5a:c4,00:09:8b:02:5a:c0,1498046875,-27,-32,-22.379003399306782,-28,24
00:09:8b:02:5a:c4,00:09:8b:02:5a:c0,1498242187.5,-28,-33,-22.379003399306782,-28,24
00:09:8b:02:5a:c4,00:09:8b:02:5a:c0,1498437500,-29,-34,-22.379003399306782,-28,24
00:09:8b:02:5a:c4,00:09:8b:02:5a:c0,1498632812.5,-28,-33,-22.379003399306782,-28,24
00:09:8b:02:5a:c4,00:09:8b:02:5a:c0,1498828125,-26,-31,-22.379003399306782,-28,24
00:09:8b:02:5a:c4,00:09:8b:02:5a:c0,1499023437.5,-27,-32,-22.379003399306782,-28,24
00:09:8b:02:5a:c4,00:09:8b:02:5a:c0,1499218750,-27,-32,-22.379003399306782,-28,24
00:09:8b:02:5a:c4,00:09:8b:02:5a:c0,1499414062.5,-31,-36,-22.379003399306782,-28,24
00:09:8b:02:5a:c4,00:09:8b:02:5a:c0,1499609375,-34,-39,-22.379003399306782,-28,24
00:09:8b:02:5a:c4,00:09:8b:02:5a:c0,1499804687.5,-38,-43,-22.379003399306782,-28,24
00:09:8b:02:5a:c4,00:09:8b:02:5a:c0,1500000000,-42,-47,-22.379003399306782,-28,24
00:09:8b:02:5a:c4,00:09:8b:02:5a:c0,1500195312.5,-42,-47,-22.379003399306782,-28,24
00:09:8b:02:5a:c4,00:09:8b:02:5a:c0,1500390625,-42,-47,-22.379003399306782,-28,24
00:09:8b:02:5a:c4,00:09:8b:02:5a:c0,1500585937.5,-40,-45,-22.379003399306782,-28,24
00:09:8b:02:5a:c4,00:09:8b:02:5a:c0,1500781250,-36,-41,-22.379003399306782,-28,24
00:09:8b:02:5a:c4,00:09:8b:02:5a:c0,1500976562.5,-28,-33,-22.379003399306782,-28,24
00:09:8b:02:5a:c4,00:09:8b:02:5a:c0,1501171875,-27,-32,-22.379003399306782,-28,24
00:09:8b:02:5a:c4,00:09:8b:02:5a:c0,1501367187.5,-27,-32,-22.379003399306782,-28,24
00:09:8b:02:5a:c4,00:09:8b:02:5a:c0,1501562500,-29,-34,-22.379003399306782,-28,24
00:09:8b:02:5a:c4,00:09:8b:02:5a:c0,1501757812.5,-28,-33,-22.379003399306782,-28,24
00:09:8b:02:5a:c4,00:09:8b:02:5a:c0,1501953125,-28,-33,-22.379003399306782,-28,24
00:09:8b:02:5a:c4,00:09:8b:02:5a:c0,1502148437.5,-28,-33,-22.379003399306782,-28,24
00:09:8b:02:5a:c4,00:09:8b:02:5a:c0,1502343750,-28,-33,-22.379003399306782,-28,24
00:09:8b:02:5a:c4,00:09:8b:02:5a:c0,1502539062.5,-28,-33,-22.379003399306782,-28,24
00:09:8b:02:5a:c4,00:09:8b:02:5a:c0,1502734375,-29,-34,-22.379003399306782,-28,24
00:09:8b:02:5a:c4,00:09:8b:02:5a:c0,1502929687.5,-29,-34,-22.379003399306782,-28,24
00:09:8b:02:5a:c4,00:09:8b:02:5a:c0,1503125000,-31,-36,-22.379003399306782,-28,24
00:09:8b:02:5a:c4,00:09:8b:02:5a:c0,1503320312.5,-32,-37,-22.379003399306782,-28,24
00:09:8b:02:5a:c4,00:09:8b:02:5a:c0,1503515625,-31,-36,-22.379003399306782,-28,24
00:09:8b:02:5a:c4,00:09:8b:02:5a:c0,1503710937.5,-31,-36,-22.379003399306782,-28,24
00:09:8b:02:5a:c4,00:09:8b:02:5a:c0,1503906250,-32,-37,-22.379003399306782,-28,24
00:09:8b:02:5a:c4,00:09:8b:02:5a:c0,1504101562.5,-35,-40,-22.379003399306782,-28,24
00:09:8b:02:5a:c4,00:09:8b:02:5a:c0,1504296875,-35,-40,-22.379003399306782,-28,24
00:09:8b:02:5a:c4,00:09:8b:02:5a:c0,1504492187.5,-35,-40,-22.379003399306782,-28,24
00:09:8b:02:5a:c4,00:09:8b:02:5a:c0,1504687500,-40,-45,-22.379003399306782,-28,24
00:09:8b:02:5a:c4,00:09:8b:02:5a:c0,1504882812.5,-39,-44,-22.379003399306782,-28,24
00:09:8b:02:5a:c4,00:09:8b:02:5a:c0,1505078125,-41,-46,-22.379003399306782,-28,24
00:09:8b:02:5a:c4,00:09:8b:02:5a:c0,1505273437.5,-45,-50,-22.379003399306782,-28,24
00:09:8b:02:5a:c4,00:09:8b:02:5a:c0,1505468750,-46,-51,-22.379003399306782,-28,24
00:09:8b:02:5a:c4,00:09:8b:02:5a:c0,1505664062.5,-45,-50,-22.379003399306782,-28,24
00:09:8b:02:5a:c4,00:09:8b:02:5a:c0,1505859375,-41,-46,-22.379003399306782,-28,24
00:09:8b:02:5a:c4,00:09:8b:02:5a:c0,1506054687.5,-38,-43,-22.379003399306782,-28,24
00:09:8b:02:5a:c4,00:09:8b:02:5a:c0,1506250000,-37,-42,-22.379003399306782,-28,24
00:09:8b:02:5a:c4,00:09:8b:02:5a:c0,1506445312.5,-35,-40,-22.379003399306782,-28,24
00:09:8b:02:5a:c4,00:09:8b:02:5a:c0,1506640625,-34,-39,-22.379003399306782,-28,24
00:09:8b:02:5a:c4,00:09:8b:02:5a:c0,1506835937.5,-35,-40,-22.379003399306782,-28,24
00:09:8b:02:5a:c4,00:09:8b:02:5a:c0,1507031250,-32,-37,-22.379003399306782,-28,24
00:09:8b:02:5a:c4,00:09:8b:02:5a:c0,1507226562.5,-33,-38,-22.379003399306782,-28,24
00:09:8b:02:5a:c4,00:09:8b:02:5a:c0,1507421875,-31,-36,-22.379003399306782,-28,24
00:09:8b:02:5a:c4,00:09:8b:02:5a:c0,1507617187.5,-32,-37,-22.379003399306782,-28,24
00:09:8b:02:5a:c4,00:09:8b:02:5a:c0,1507812500,-31,-36,-22.379003399306782,-28,24
00:09:8b:02:5a:c4,00:09:8b:02:5a:c0,1508007812.5,-29,-34,-22.379003399306782,-28,24
00:09:8b:02:5a:c4,00:09:8b:02:5a:c0,1508203125,-29,-34,-22.379003399306782,-28,24
00:09:8b:02:5a:c4,00:09:8b:02:5a:c0,1508398437.5,-30,-35,-22.379003399306782,-28,24
00:09:8b:02:5a:c4,00:09:8b:02:5a:c0,1508593750,-29,-34,-22.379003399306782,-28,24
00:09:8b:02:5a:c4,00:09:8b:02:5a:c0,1508789062.5,-28,-33,-22.379003399306782,-28,24
00:09:8b:02:5a:c4,00:09:8b:02:5a:c0,1508984375,-28,-33,-22.379003399306782,-28,24
00:09:8b:02:5a:c4,00:09:8b:02:5a:c0,1509179687.5,-28,-33,-22.379003399306782,-28,24
00:09:8b:02:5a:c4,00:09:8b:02:5a:c0,1509375000,-28,-33,-22.379003399306782,-28,24
00:09:8b:02:5a:c4,00:09:8b:02:5a:c0,1509570312.5,-27,-32,-22.379003399306782,-28,24
00:09:8b:02:5a:c4,00:09:8b:02:5a:c0,1509765625,-27,-32,-22.379003399306782,-28,24
00:09:8b:02:5a:c4,00:09:8b:02:5a:c0,1509960937.5,-28,-33,-22.379003399306782,-28,24
00:09:8b:02:5a:c4,00:09:8b:02:5a:c0,1510156250,-27,-32,-22.379003399306782,-28,24
00:09:8b:02:5a:c4,00:09:8b:02:5a:c0,1510351562.5,-26,-31,-22.379003399306782,-28,24
00:09:8b:02:5a:c4,00:09:8b:02:5a:c0,1510546875,-25,-30,-22.379003399306782,-28,24
00:09:8b:02:5a:c4,00:09:8b:02:5a:c0,1510742187.5,-26,-31,-22.379003399306782,-28,24
00:09:8b:02:5a:c4,00:09:8b:02:5a:c0,1510937500,-29,-34,-22.379003399306782,-28,24
00:09:8b:02:5a:c4,00:09:8b:02:5a:c0,1511132812.5,-26,-31,-22.379003399306782,-28,24
00:09:8b:02:5a:c4,00:09:8b:02:5a:c0,1511328125,-26,-31,-22.379003399306782,-28,24
00:09:8b:02:5a:c4,00:09:8b:02:5a:c0,1511523437.5,-26,-31,-22.379003399306782,-28,24
00:09:8b:02:5a:c4,00:09:8b:02:5a:c0,1511718750,-26,-31,-22.379003399306782,-28,24
00:09:8b:02:5a:c4,00:09:8b:02:5a:c0,1511914062.5,-26,-31,-22.379003399306782,-28,24
00:09:8b:02:5a:c4,00:09:8b:02:5a:c0,1512109375,-26,-31,-22.379003399306782,-28,24
00:09:8b:02:5a:c4,00:09:8b:02:5a:c0,1512304687.5,-26,-31,-22.379003399306782,-28,24
00:09:8b:02:5a:c4,00:09:8b:02:5a:c0,1512500000,-26,-31,-22.379003399306782,-28,24
00:09:8b:02:5a:c4,00:09:8b:02:5a:c0,1512695312.5,-26,-31,-22.379003399306782,-28,24
00:09:8b:02:5a:c4,00:09:8b:02:5a:c0,1512890625,-27,-32,-22.379003399306782,-28,24
00:09:8b:02:5a:c4,00:09:8b:02:5a:c0,1513085937.5,-26,-31,-22.379003399306782,-28,24
00:09:8b:02:5a:c4,00:09:8b:02:5a:c0,1513281250,-26,-31,-22.379003399306782,-28,24
00:09:8b:02:5a:c4,00:09:8b:02:5a:c0,1513476562.5,-24,-29,-22.379003399306782,-28,24
00:09:8b:02:5a:c4,00:09:8b:02:5a:c0,1513671875,-27,-32,-22.379003399306782,-28,24
00:09:8b:02:5a:c4,00:09:8b:02:5a:c0,1513867187.5,-28,-33,-22.379003399306782,-28,24
00:09:8b:02:5a:c4,00:09:8b:02:5a:c0,1514062500,-27,-32,-22.379003399306782,-28,24
00:09:8b:02:5a:c4,00:09:8b:02:5a:c0,1514257812.5,-28,-33,-22.379003399306782,-28,24
00:09:8b:02:5a:c4,00:09:8b:02:5a:c0,1514453125,-26,-31,-22.379003399306782,-28,24
00:09:8b:02:5a:c4,00:09:8b:02:5a:c0,1514648437.5,-27,-32,-22.379003399306782,-28,24
00:09:8b:02:5a:c4,00:09:8b:02:5a:c0,1514843750,-27,-32,-22.379003399306782,-28,24
00:09:8b:02:5a:c4,00:09:8b:02:5a:c0,1515039062.5,-27,-32,-22.379003399306782,-28,24
00:09:8b:02:5a:c4,00:09:8b:02:5a:c0,1515234375,-27,-32,-22.379003399306782,-28,24
00:09:8b:02:5a:c4,00:09:8b:02:5a:c0,1515429687.5,-26,-31,-22.379003399306782,-28,24
00:09:8b:02:5a:c4,00:09:8b:02:5a:c0,1515625000,-26,-31,-22.379003399306782,-28,24
00:09:8b:02:5a:c4,00:09:8b:02:5a:c0,1515820312.5,-27,-32,-22.379003399306782,-28,24
00:09:8b:02:5a:c4,00:09:8b:02:5a:c0,1516015625,-27,-32,-22.379003399306782,-28,24
00:09:8b:02:5a:c4,00:09:8b:02:5a:c0,1516210937.5,-28,-33,-22.379003399306782,-28,24
00:09:8b:02:5a:c4,00:09:8b:02:5a:c0,1516406250,-25,-30,-22.379003399306782,-28,24
00:09:8b:02:5a:c4,00:09:8b:02:5a:c0,1516601562.5,-27,-32,-22.379003399306782,-28,24
00:09:8b:02:5a:c4,00:09:8b:02:5a:c0,1516796875,-25,-30,-22.379003399306782,-28,24
00:09:8b:02:5a:c4,00:09:8b:02:5a:c0,1516992187.5,-26,-31,-22.379003399306782,-28,24
00:09:8b:02:5a:c4,00:09:8b:02:5a:c0,1517187500,-26,-31,-22.379003399306782,-28,24
00:09:8b:02:5a:c4,00:09:8b:02:5a:c0,1517382812.5,-28,-33,-22.379003399306782,-28,24
00:09:8b:02:5a:c4,00:09:8b:02:5a:c0,1517578125,-28,-33,-22.379003399306782,-28,24
00:09:8b:02:5a:c4,00:09:8b:02:5a:c0,1517773437.5,-27,-32,-22.379003399306782,-28,24
00:09:8b:02:5a:c4,00:09:8b:02:5a:c0,1517968750,-29,-34,-22.379003399306782,-28,24
00:09:8b:02:5a:c4,00:09:8b:02:5a:c0,1518164062.5,-28,-33,-22.379003399306782,-28,24
00:09:8b:02:5a:c4,00:09:8b:02:5a:c0,1518359375,-28,-33,-22.379003399306782,-28,24
00:09:8b:02:5a:c4,00:09:8b:02:5a:c0,1518554687.5,-31,-36,-22.379003399306782,-28,24
00:09:8b:02:5a:c4,00:09:8b:02:5a:c0,1518750000,-30,-35,-22.379003399306782,-28,24
00:09:8b:02:5a:c4,00:09:8b:02:5a:c0,1518945312.5,-32,-37,-22.379003399306782,-28,24
00:09:8b:02:5a:c4,00:09:8b:02:5a:c0,1519140625,-33,-38,-22.379003399306782,-28,24
00:09:8b:02:5a:c4,00:09:8b:02:5a:c0,1519335937.5,-32,-37,-22.379003399306782,-28,24
00:09:8b:02:5a:c4,00:09:8b:02:5a:c0,1519531250,-33,-38,-22.379003399306782,-28,24
00:09:8b:02:5a:c4,00:09:8b:02:5a:c0,1519726562.5,-32,-37,-22.379003399306782,-28,24
00:09:8b:02:5a:c4,00:09:8b:02:5a:c0,1519921875,-35,-40,-22.379003399306782,-28,24
00:09:8b:02:5a:c4,00:09:8b:02:5a:c0,1520117187.5,-37,-42,-22.379003399306782,-28,24
00:09:8b:02:5a:c4,00:09:8b:02:5a:c0,1520312500,-40,-45,-22.379003399306782,-28,24
00:09:8b:02:5a:c4,00:09:8b:02:5a:c0,1520507812.5,-40,-45,-22.379003399306782,-28,24
00:09:8b:02:5a:c4,00:09:8b:02:5a:c0,1520703125,-43,-48,-22.379003399306782,-28,24
00:09:8b:02:5a:c4,00:09:8b:02:5a:c0,1520898437.5,-45,-50,-22.379003399306782,-28,24
00:09:8b:02:5a:c4,00:09:8b:02:5a:c0,1521093750,-45,-50,-22.379003399306782,-28,24
00:09:8b:02:5a:c4,00:09:8b:02:5a:c0,1521289062.5,-42,-47,-22.379003399306782,-28,24
00:09:8b:02:5a:c4,00:09:8b:02:5a:c0,1521484375,-40,-45,-22.379003399306782,-28,24
00:09:8b:02:5a:c4,00:09:8b:02:5a:c0,1521679687.5,-39,-44,-22.379003399306782,-28,24
00:09:8b:02:5a:c4,00:09:8b:02:5a:c0,1521875000,-37,-42,-22.379003399306782,-28,24
00:09:8b:02:5a:c4,00:09:8b:02:5a:c0,1522070312.5,-35,-40,-22.379003399306782,-28,24
00:09:8b:02:5a:c4,00:09:8b:02:5a:c0,1522265625,-34,-39,-22.379003399306782,-28,24
00:09:8b:02:5a:c4,00:09:8b:02:5a:c0,1522460937.5,-33,-38,-22.379003399306782,-28,24
00:09:8b:02:5a:c4,00:09:8b:02:5a:c0,1522656250,-33,-38,-22.379003399306782,-28,24
00:09:8b:02:5a:c4,00:09:8b:02:5a:c0,1522851562.5,-30,-35,-22.379003399306782,-28,24
00:09:8b:02:5a:c4,00:09:8b:02:5a:c0,1523046875,-28,-33,-22.379003399306782,-28,24
00:09:8b:02:5a:c4,00:09:8b:02:5a:c0,1523242187.5,-31,-36,-22.379003399306782,-28,24
00:09:8b:02:5a:c4,00:09:8b:02:5a:c0,1523437500,-30,-35,-22.379003399306782,-28,24
00:09:8b:02:5a:c4,00:09:8b:02:5a:c0,1523632812.5,-30,-35,-22.379003399306782,-28,24
00:09:8b:02:5a:c4,00:09:8b:02:5a:c0,1523828125,-29,-34,-22.379003399306782,-28,24
00:09:8b:02:5a:c4,00:09:8b:02:5a:c0,1524023437.5,-30,-35,-22.379003399306782,-28,24
00:09:8b:02:5a:c4,00:09:8b:02:5a:c0,1524218750,-28,-33,-22.379003399306782,-28,24
00:09:8b:02:5a:c4,00:09:8b:02:5a:c0,1524414062.5,-29,-34,-22.379003399306782,-28,24
00:09:8b:02:5a:c4,00:09:8b:02:5a:c0,1524609375,-29,-34,-22.379003399306782,-28,24
00:09:8b:02:5a:c4,00:09:8b:02:5a:c0,1524804687.5,-26,-31,-22.379003399306782,-28,24
00:09:8b:02:5a:c4,00:09:8b:02:5a:c0,1525000000,-28,-33,-22.379003399306782,-28,24
00:09:8b:02:5a:c4,00:09:8b:02:5a:c0,1525195312.5,-28,-33,-22.379003399306782,-28,24
00:09:8b:02:5a:c4,00:09:8b:02:5a:c0,1525390625,-28,-33,-22.379003399306782,-28,24
00:09:8b:02:5a:c4,00:09:8b:02:5a:c0,1525585937.5,-28,-33,-22.379003399306782,-28,24
00:09:8b:02:5a:c4,00:09:8b:02:5a:c0,1525781250,-27,-32,-22.379003399306782,-28,24
00:09:8b:02:5a:c4,00:09:8b:02:5a:c0,1525976562.5,-26,-31,-22.379003399306782,-28,24
00:09:8b:02:5a:c4,00:09:8b:02:5a:c0,1526171875,-27,-32,-22.379003399306782,-28,24
00:09:8b:02:5a:c4,00:09:8b:02:5a:c0,1526367187.5,-27,-32,-22.379003399306782,-28,24
00:09:8b:02:5a:c4,00:09:8b:02:5a:c0,1526562500,-28,-33,-22.379003399306782,-28,24
00:09:8b:02:5a:c4,00:09:8b:02:5a:c0,1526757812.5,-26,-31,-22.379003399306782,-28,24
00:09:8b:02:5a:c4,00:09:8b:02:5a:c0,1526953125,-25,-30,-22.379003399306782,-28,24
00:09:8b:02:5a:c4,00:09:8b:02:5a:c0,1527148437.5,-26,-31,-22.379003399306782,-28,24
00:09:8b:02:5a:c4,00:09:8b:02:5a:c0,1527343750,-26,-31,-22.379003399306782,-28,24
00:09:8b:02:5a:c4,00:09:8b:02:5a:c0,1527539062.5,-27,-32,-22.379003399306782,-28,24
00:09:8b:02:5a:c4,00:09:8b:02:5a:c0,1527734375,-27,-32,-22.379003399306782,-28,24
00:09:8b:02:5a:c4,00:09:8b:02:5a:c0,1527929687.5,-26,-31,-22.379003399306782,-28,24
00:09:8b:02:5a:c4,00:09:8b:02:5a:c0,1528125000,-27,-32,-22.379003399306782,-28,24
00:09:8b:02:5a:c4,00:09:8b:02:5a:c0,1528320312.5,-25,-30,-22.379003399306782,-28,24
00:09:8b:02:5a:c4,00:09:8b:02:5a:c0,1528515625,-25,-30,-22.379003399306782,-28,24
00:09:8b:02:5a:c4,00:09:8b:02:5a:c0,1528710937.5,-26,-31,-22.379003399306782,-28,24
00:09:8b:02:5a:c4,00:09:8b:02:5a:c0,1528906250,-26,-31,-22.379003399306782,-28,24
00:09:8b:02:5a:c4,00:09:8b:02:5a:c0,1529101562.5,-25,-30,-22.379003399306782,-28,24
00:09:8b:02:5a:c4,00:09:8b:02:5a:c0,1529296875,-24,-29,-22.379003399306782,-28,24
00:09:8b:02:5a:c4,00:09:8b:02:5a:c0,1529492187.5,-25,-30,-22.379003399306782,-28,24
00:09:8b:02:5a:c4,00:09:8b:02:5a:c0,1529687500,-25,-30,-22.379003399306782,-28,24
00:09:8b:02:5a:c4,00:09:8b:02:5a:c0,1529882812.5,-25,-30,-22.379003399306782,-28,24
00:09:8b:02:5a:c4,00:09:8b:02:5a:c0,1530078125,-25,-30,-22.379003399306782,-28,24
00:09:8b:02:5a:c4,00:09:8b:02:5a:c0,1530273437.5,-25,-30,-22.379003399306782,-28,24
00:09:8b:02:5a:c4,00:09:8b:02:5a:c0,1530468750,-25,-30,-22.379003399306782,-28,24
00:09:8b:02:5a:c4,00:09:8b:02:5a:c0,1530664062.5,-25,-30,-22.379003399306782,-28,24
00:09:8b:02:5a:c4,00:09:8b:02:5a:c0,1530859375,-25,-30,-22.379003399306782,-28,24
00:09:8b:02:5a:c4,00:09:8b:02:5a:c0,1531054687.5,-26,-31,-22.379003399306782,-28,24
00:09:8b:02:5a:c4,00:09:8b:02:5a:c0,1531250000,-27,-32,-22.379003399306782,-28,24
00:09:8b:02:5a:c4,00:09:8b:02:5a:c0,1531445312.5,-25,-30,-22.379003399306782,-28,24
00:09:8b:02:5a:c4,00:09:8b:02:5a:c0,1531640625,-25,-30,-22.379003399306782,-28,24
00:09:8b:02:5a:c4,00:09:8b:02:5a:c0,1531835937.5,-24,-29,-22.379003399306782,-28,24
00:09:8b:02:5a:c4,00:09:8b:02:5a:c0,1532031250,-25,-30,-22.379003399306782,-28,24
00:09:8b:02:5a:c4,00:09:8b:02:5a:c0,1532226562.5,-25,-30,-22.379003399306782,-28,24
00:09:8b:02:5a:c4,00:09:8b:02:5a:c0,1532421875,-26,-31,-22.379003399306782,-28,24
00:09:8b:02:5a:c4,00:09:8b:02:5a:c0,1532617187.5,-26,-31,-22.379003399306782,-28,24
00:09:8b:02:5a:c4,00:09:8b:02:5a:c0,1532812500,-27,-32,-22.379003399306782,-28,24
00:09:8b:02:5a:c4,00:09:8b:02:5a:c0,1533007812.5,-26,-31,-22.379003399306782,-28,24
00:09:8b:02:5a:c4,00:09:8b:02:5a:c0,1533203125,-26,-31,-22.379003399306782,-28,24
00:09:8b:02:5a:c4,00:09:8b:02:5a:c0,1533398437.5,-27,-32,-22.379003399306782,-28,24
00:09:8b:02:5a:c4,00:09:8b:02:5a:c0,1533593750,-28,-33,-22.379003399306782,-28,24
00:09:8b:02:5a:c4,00:09:8b:02:5a:c0,1533789062.5,-27,-32,-22.379003399306782,-28,24
00:09:8b:02:5a:c4,00:09:8b:02:5a:c0,1533984375,-28,-33,-22.379003399306782,-28,24
00:09:8b:02:5a:c4,00:09:8b:02:5a:c0,1534179687.5,-28,-33,-22.379003399306782,-28,24
00:09:8b:02:5a:c4,00:09:8b:02:5a:c0,1534375000,-28,-33,-22.379003399306782,-28,24
00:09:8b:02:5a:c4,00:09:8b:02:5a:c0,1534570312.5,-30,-35,-22.379003399306782,-28,24
00:09:8b:02:5a:c4,00:09:8b:02:5a:c0,1534765625,-30,-35,-22.379003399306782,-28,24
00:09:8b:02:5a:c4,00:09:8b:02:5a:c0,1534960937.5,-30,-35,-22.379003399306782,-28,24
00:09:8b:02:5a:c4,00:09:8b:02:5a:c0,1535156250,-32,-37,-22.379003399306782,-28,24
00:09:8b:02:5a:c4,00:09:8b:02:5a:c0,1535351562.5,-33,-38,-22.379003399306782,-28,24
00:09:8b:02:5a:c4,00:09:8b:02:5a:c0,1535546875,-33,-38,-22.379003399306782,-28,24
00:09:8b:02:5a:c4,00:09:8b:02:5a:c0,1535742187.5,-35,-40,-22.379003399306782,-28,24
00:09:8b:02:5a:c4,00:09:8b:02:5a:c0,1535937500,-37,-42,-22.379003399306782,-28,24
00:09:8b:02:5a:c4,00:09:8b:02:5a:c0,1536132812.5,-38,-43,-22.379003399306782,-28,24
00:09:8b:02:5a:c4,00:09:8b:02:5a:c0,1536328125,-41,-46,-22.379003399306782,-28,24
00:09:8b:02:5a:c4,00:09:8b:02:5a:c0,1536523437.5,-43,-48,-22.379003399306782,-28,24
00:09:8b:02:5a:c4,00:09:8b:02:5a:c0,1536718750,-44,-49,-22.379003399306782,-28,24
00:09:8b:02:5a:c4,00:09:8b:02:5a:c0,1536914062.5,-42,-47,-22.379003399306782,-28,24
00:09:8b:02:5a:c4,00:09:8b:02:5a:c0,1537109375,-39,-44,-22.379003399306782,-28,24
00:09:8b:02:5a:c4,00:09:8b:02:5a:c0,1537304687.5,-38,-43,-22.379003399306782,-28,24
00:09:8b:02:5a:c4,00:09:8b:02:5a:c0,1537500000,-36,-41,-22.379003399306782,-28,24
00:09:8b:02:5a:c4,00:09:8b:02:5a:c0,1537695312.5,-35,-40,-22.379003399306782,-28,24
00:09:8b:02:5a:c4,00:09:8b:02:5a:c0,1537890625,-32,-37,-22.379003399306782,-28,24
00:09:8b:02:5a:c4,00:09:8b:02:5a:c0,1538085937.5,-32,-37,-22.379003399306782,-28,24
00:09:8b:02:5a:c4,00:09:8b:02:5a:c0,1538281250,-31,-36,-22.379003399306782,-28,24
00:09:8b:02:5a:c4,00:09:8b:02:5a:c0,1538476562.5,-29,-34,-22.379003399306782,-28,24
00:09:8b:02:5a:c4,00:09:8b:02:5a:c0,1538671875,-29,-34,-22.379003399306782,-28,24
00:09:8b:02:5a:c4,00:09:8b:02:5a:c0,1538867187.5,-28,-33,-22.379003399306782,-28,24
00:09:8b:02:5a:c4,00:09:8b:02:5a:c0,1539062500,-29,-34,-22.379003399306782,-28,24
00:09:8b:02:5a:c4,00:09:8b:02:5a:c0,1539257812.5,-28,-33,-22.379003399306782,-28,24
00:09:8b:02:5a:c4,00:09:8b:02:5a:c0,1539453125,-27,-32,-22.379003399306782,-28,24
00:09:8b:02:5a:c4,00:09:8b:02:5a:c0,1539648437.5,-26,-31,-22.379003399306782,-28,24
00:09:8b:02:5a:c4,00:09:8b:02:5a:c0,1539843750,-26,-31,-22.379003399306782,-28,24
00:09:8b:02:5a:c4,00:09:8b:02:5a:c0,1540039062.5,-26,-31,-22.379003399306782,-28,24
00:09:8b:02:5a:c4,00:09:8b:02:5a:c0,1540234375,-27,-32,-22.379003399306782,-28,24
00:09:8b:02:5a:c4,00:09:8b:02:5a:c0,1540429687.5,-27,-32,-22.379003399306782,-28,24
00:09:8b:02:5a:c4,00:09:8b:02:5a:c0,1540625000,-25,-30,-22.379003399306782,-28,24
00:09:8b:02:5a:c4,00:09:8b:02:5a:c0,1540820312.5,-26,-31,-22.379003399306782,-28,24
00:09:8b:02:5a:c4,00:09:8b:02:5a:c0,1541015625,-25,-30,-22.379003399306782,-28,24
00:09:8b:02:5a:c4,00:09:8b:02:5a:c0,1541210937.5,-26,-31,-22.379003399306782,-28,24
00:09:8b:02:5a:c4,00:09:8b:02:5a:c0,1541406250,-26,-31,-22.379003399306782,-28,24
00:09:8b:02:5a:c4,00:09:8b:02:5a:c0,1541601562.5,-25,-30,-22.379003399306782,-28,24
00:09:8b:02:5a:c4,00:09:8b:02:5a:c0,1541796875,-25,-30,-22.379003399306782,-28,24
00:09:8b:02:5a:c4,00:09:8b:02:5a:c0,1541992187.5,-24,-29,-22.379003399306782,-28,24
00:09:8b:02:5a:c4,00:09:8b:02:5a:c0,1542187500,-24,-29,-22.379003399306782,-28,24
00:09:8b:02:5a:c4,00:09:8b:02:5a:c0,1542382812.5,-25,-30,-22.379003399306782,-28,24
00:09:8b:02:5a:c4,00:09:8b:02:5a:c0,1542578125,-25,-30,-22.379003399306782,-28,24
00:09:8b:02:5a:c4,00:09:8b:02:5a:c0,1542773437.5,-25,-30,-22.379003399306782,-28,24
00:09:8b:02:5a:c4,00:09:8b:02:5a:c0,1542968750,-25,-30,-22.379003399306782,-28,24
00:09:8b:02:5a:c4,00:09:8b:02:5a:c0,1543164062.5,-24,-29,-22.379003399306782,-28,24
00:09:8b:02:5a:c4,00:09:8b:02:5a:c0,1543359375,-25,-30,-22.379003399306782,-28,24
00:09:8b:02:5a:c4,00:09:8b:02:5a:c0,1543554687.5,-24,-29,-22.379003399306782,-28,24
00:09:8b:02:5a:c4,00:09:8b:02:5a:c0,1543750000,-24,-29,-22.379003399306782,-28,24
00:09:8b:02:5a:c4,00:09:8b:02:5a:c0,1543945312.5,-26,-31,-22.379003399306782,-28,24
00:09:8b:02:5a:c4,00:09:8b:02:5a:c0,1544140625,-25,-30,-22.379003399306782,-28,24
00:09:8b:02:5a:c4,00:09:8b:02:5a:c0,1544335937.5,-25,-30,-22.379003399306782,-28,24
00:09:8b:02:5a:c4,00:09:8b:02:5a:c0,1544531250,-25,-30,-22.379003399306782,-28,24
00:09:8b:02:5a:c4,00:09:8b:02:5a:c0,1544726562.5,-24,-29,-22.379003399306782,-28,24
00:09:8b:02:5a:c4,00:09:8b:02:5a:c0,1544921875,-25,-30,-22.379003399306782,-28,24
00:09:8b:02:5a:c4,00:09:8b:02:5a:c0,1545117187.5,-25,-30,-22.379003399306782,-28,24
00:09:8b:02:5a:c4,00:09:8b:02:5a:c0,1545312500,-25,-30,-22.379003399306782,-28,24
00:09:8b:02:5a:c4,00:09:8b:02:5a:c0,1545507812.5,-27,-32,-22.379003399306782,-28,24
00:09:8b:02:5a:c4,00:09:8b:02:5a:c0,1545703125,-25,-30,-22.379003399306782,-28,24
00:09:8b:02:5a:c4,00:09:8b:02:5a:c0,1545898437.5,-25,-30,-22.379003399306782,-28,24
00:09:8b:02:5a:c4,00:09:8b:02:5a:c0,1546093750,-24,-29,-22.379003399306782,-28,24
00:09:8b:02:5a:c4,00:09:8b:02:5a:c0,1546289062.5,-26,-31,-22.379003399306782,-28,24
00:09:8b:02:5a:c4,00:09:8b:02:5a:c0,1546484375,-25,-30,-22.379003399306782,-28,24
00:09:8b:02:5a:c4,00:09:8b:02:5a:c0,1546679687.5,-25,-30,-22.379003399306782,-28,24
00:09:8b:02:5a:c4,00:09:8b:02:5a:c0,1546875000,-26,-31,-22.379003399306782,-28,24
00:09:8b:02:5a:c4,00:09:8b:02:5a:c0,1547070312.5,-25,-30,-22.379003399306782,-28,24
00:09:8b:02:5a:c4,00:09:8b:02:5a:c0,1547265625,-27,-32,-22.379003399306782,-28,24
00:09:8b:02:5a:c4,00:09:8b:02:5a:c0,1547460937.5,-25,-30,-22.379003399306782,-28,24
00:09:8b:02:5a:c4,00:09:8b:02:5a:c0,1547656250,-29,-34,-22.379003399306782,-28,24
00:09:8b:02:5a:c4,00:09:8b:02:5a:c0,1547851562.5,-33,-38,-22.379003399306782,-28,24
00:09:8b:02:5a:c4,00:09:8b:02:5a:c0,1548046875,-38,-43,-22.379003399306782,-28,24
00:09:8b:02:5a:c4,00:09:8b:02:5a:c0,1548242187.5,-42,-47,-22.379003399306782,-28,24
00:09:8b:02:5a:c4,00:09:8b:02:5a:c0,1548437500,-42,-47,-22.379003399306782,-28,24
00:09:8b:02:5a:c4,00:09:8b:02:5a:c0,1548632812.5,-43,-48,-22.379003399306782,-28,24
00:09:8b:02:5a:c4,00:09:8b:02:5a:c0,1548828125,-45,-50,-22.379003399306782,-28,24
00:09:8b:02:5a:c4,00:09:8b:02:5a:c0,1549023437.5,-46,-51,-22.379003399306782,-28,24
00:09:8b:02:5a:c4,00:09:8b:02:5a:c0,1549218750,-45,-50,-22.379003399306782,-28,24
00:09:8b:02:5a:c4,00:09:8b:02:5a:c0,1549414062.5,-46,-51,-22.379003399306782,-28,24
00:09:8b:02:5a:c4,00:09:8b:02:5a:c0,1549609375,-47,-52,-22.379003399306782,-28,24
00:09:8b:02:5a:c4,00:09:8b:02:5a:c0,1549804687.5,-47,-52,-22.379003399306782,-28,24
00:09:8b:02:5a:c4,00:09:8b:02:5a:c0,1550000000,-47,-52,-22.379003399306782,-28,24
