NodeSource,NodeDestination,Frequency,SubCarrier Power dBm,SubCarrier Power dBm Offset,Meas Rx Power dBm,Calc Rx Power dBm,Relative Power
00:09:8b:02:5a:c0,00:09:8b:02:5a:c4,1150195312.5,-48,-56,-21.75491598924191,-30,24
00:09:8b:02:5a:c0,00:09:8b:02:5a:c4,1150390625,-48,-56,-21.75491598924191,-30,24
00:09:8b:02:5a:c0,00:09:8b:02:5a:c4,1150585937.5,-48,-56,-21.75491598924191,-30,24
00:09:8b:02:5a:c0,00:09:8b:02:5a:c4,1150781250,-48,-56,-21.75491598924191,-30,24
00:09:8b:02:5a:c0,00:09:8b:02:5a:c4,1150976562.5,-48,-56,-21.75491598924191,-30,24
00:09:8b:02:5a:c0,00:09:8b:02:5a:c4,1151171875,-47,-55,-21.75491598924191,-30,24
00:09:8b:02:5a:c0,00:09:8b:02:5a:c4,1151367187.5,-48,-56,-21.75491598924191,-30,24
00:09:8b:02:5a:c0,00:09:8b:02:5a:c4,1151562500,-47,-55,-21.75491598924191,-30,24
00:09:8b:02:5a:c0,00:09:8b:02:5a:c4,1151757812.5,-46,-54,-21.75491598924191,-30,24
00:09:8b:02:5a:c0,00:09:8b:02:5a:c4,1151953125,-45,-53,-21.75491598924191,-30,24
00:09:8b:02:5a:c0,00:09:8b:02:5a:c4,1152148437.5,-45,-53,-21.75491598924191,-30,24
00:09:8b:02:5a:c0,00:09:8b:02:5a:c4,1152343750,-41,-49,-21.75491598924191,-30,24
00:09:8b:02:5a:c0,00:09:8b:02:5a:c4,1152539062.5,-37,-45,-21.75491598924191,-30,24
00:09:8b:02:5a:c0,00:09:8b:02:5a:c4,1152734375,-32,-40,-21.75491598924191,-30,24
00:09:8b:02:5a:c0,00:09:8b:02:5a:c4,1152929687.5,-30,-38,-21.75491598924191,-30,24
00:09:8b:02:5a:c0,00:09:8b:02:5a:c4,1153125000,-30,-38,-21.75491598924191,-30,24
00:09:8b:02:5a:c0,00:09:8b:02:5a:c4,1153320312.5,-30,-38,-21.75491598924191,-30,24
00:09:8b:02:5a:c0,00:09:8b:02:5a:c4,1153515625,-29,-37,-21.75491598924191,-30,24
00:09:8b:02:5a:c0,00:09:8b:02:5a:c4,1153710937.5,-29,-37,-21.75491598924191,-30,24
00:09:8b:02:5a:c0,00:09:8b:02:5a:c4,1153906250,-29,-37,-21.75491598924191,-30,24
00:09:8b:02:5a:c0,00:09:8b:02:5a:c4,1154101562.5,-27,-35,-21.75491598924191,-30,24
00:09:8b:02:5a:c0,00:09:8b:02:5a:c4,1154296875,-27,-35,-21.75491598924191,-30,24
00:09:8b:02:5a:c0,00:09:8b:02:5a:c4,1154492187.5,-29,-37,-21.75491598924191,-30,24
00:09:8b:02:5a:c0,00:09:8b:02:5a:c4,1154687500,-26,-34,-21.75491598924191,-30,24
00:09:8b:02:5a:c0,00:09:8b:02:5a:c4,1154882812.5,-27,-35,-21.75491598924191,-30,24
00:09:8b:02:5a:c0,00:09:8b:02:5a:c4,1155078125,-27,-35,-21.75491598924191,-30,24
00:09:8b:02:5a:c0,00:09:8b:02:5a:c4,1155273437.5,-26,-34,-21.75491598924191,-30,24
00:09:8b:02:5a:c0,00:09:8b:02:5a:c4,1155468750,-26,-34,-21.75491598924191,-30,24
00:09:8b:02:5a:c0,00:09:8b:02:5a:c4,1155664062.5,-26,-34,-21.75491598924191,-30,24
00:09:8b:02:5a:c0,00:09:8b:02:5a:c4,1155859375,-28,-36,-21.75491598924191,-30,24
00:09:8b:02:5a:c0,00:09:8b:02:5a:c4,1156054687.5,-27,-35,-21.75491598924191,-30,24
00:09:8b:02:5a:c0,00:09:8b:02:5a:c4,1156250000,-25,-33,-21.75491598924191,-30,24
00:09:8b:02:5a:c0,00:09:8b:02:5a:c4,1156445312.5,-25,-33,-21.75491598924191,-30,24
00:09:8b:02:5a:c0,00:09:8b:02:5a:c4,1156640625,-25,-33,-21.75491598924191,-30,24
00:09:8b:02:5a:c0,00:09:8b:02:5a:c4,1156835937.5,-25,-33,-21.75491598924191,-30,24
00:09:8b:02:5a:c0,00:09:8b:02:5a:c4,1157031250,-25,-33,-21.75491598924191,-30,24
00:09:8b:02:5a:c0,00:09:8b:02:5a:c4,1157226562.5,-25,-33,-21.75491598924191,-30,24
00:09:8b:02:5a:c0,00:09:8b:02:5a:c4,1157421875,-24,-32,-21.75491598924191,-30,24
00:09:8b:02:5a:c0,00:09:8b:02:5a:c4,1157617187.5,-24,-32,-21.75491598924191,-30,24
00:09:8b:02:5a:c0,00:09:8b:02:5a:c4,1157812500,-23,-31,-21.75491598924191,-30,24
00:09:8b:02:5a:c0,00:09:8b:02:5a:c4,1158007812.5,-24,-32,-21.75491598924191,-30,24
00:09:8b:02:5a:c0,00:09:8b:02:5a:c4,1158203125,-24,-32,-21.75491598924191,-30,24
00:09:8b:02:5a:c0,00:09:8b:02:5a:c4,1158398437.5,-25,-33,-21.75491598924191,-30,24
00:09:8b:02:5a:c0,00:09:8b:02:5a:c4,1158593750,-24,-32,-21.75491598924191,-30,24
00:09:8b:02:5a:c0,00:09:8b:02:5a:c4,1158789062.5,-23,-31,-21.75491598924191,-30,24
00:09:8b:02:5a:c0,00:09:8b:02:5a:c4,1158984375,-25,-33,-21.75491598924191,-30,24
00:09:8b:02:5a:c0,00:09:8b:02:5a:c4,1159179687.5,-23,-31,-21.75491598924191,-30,24
00:09:8b:02:5a:c0,00:09:8b:02:5a:c4,1159375000,-24,-32,-21.75491598924191,-30,24
00:09:8b:02:5a:c0,00:09:8b:02:5a:c4,1159570312.5,-25,-33,-21.75491598924191,-30,24
00:09:8b:02:5a:c0,00:09:8b:02:5a:c4,1159765625,-24,-32,-21.75491598924191,-30,24
00:09:8b:02:5a:c0,00:09:8b:02:5a:c4,1159960937.5,-22,-30,-21.75491598924191,-30,24
00:09:8b:02:5a:c0,00:09:8b:02:5a:c4,1160156250,-24,-32,-21.75491598924191,-30,24
00:09:8b:02:5a:c0,00:09:8b:02:5a:c4,1160351562.5,-25,-33,-21.75491598924191,-30,24
00:09:8b:02:5a:c0,00:09:8b:02:5a:c4,1160546875,-24,-32,-21.75491598924191,-30,24
00:09:8b:02:5a:c0,00:09:8b:02:5a:c4,1160742187.5,-25,-33,-21.75491598924191,-30,24
00:09:8b:02:5a:c0,00:09:8b:02:5a:c4,1160937500,-25,-33,-21.75491598924191,-30,24
00:09:8b:02:5a:c0,00:09:8b:02:5a:c4,1161132812.5,-25,-33,-21.75491598924191,-30,24
00:09:8b:02:5a:c0,00:09:8b:02:5a:c4,1161328125,-26,-34,-21.75491598924191,-30,24
00:09:8b:02:5a:c0,00:09:8b:02:5a:c4,1161523437.5,-24,-32,-21.75491598924191,-30,24
00:09:8b:02:5a:c0,00:09:8b:02:5a:c4,1161718750,-25,-33,-21.75491598924191,-30,24
00:09:8b:02:5a:c0,00:09:8b:02:5a:c4,1161914062.5,-25,-33,-21.75491598924191,-30,24
00:09:8b:02:5a:c0,00:09:8b:02:5a:c4,1162109375,-25,-33,-21.75491598924191,-30,24
00:09:8b:02:5a:c0,00:09:8b:02:5a:c4,1162304687.5,-27,-35,-21.75491598924191,-30,24
00:09:8b:02:5a:c0,00:09:8b:02:5a:c4,1162500000,-27,-35,-21.75491598924191,-30,24
00:09:8b:02:5a:c0,00:09:8b:02:5a:c4,1162695312.5,-28,-36,-21.75491598924191,-30,24
00:09:8b:02:5a:c0,00:09:8b:02:5a:c4,1162890625,-27,-35,-21.75491598924191,-30,24
00:09:8b:02:5a:c0,00:09:8b:02:5a:c4,1163085937.5,-28,-36,-21.75491598924191,-30,24
00:09:8b:02:5a:c0,00:09:8b:02:5a:c4,1163281250,-29,-37,-21.75491598924191,-30,24
00:09:8b:02:5a:c0,00:09:8b:02:5a:c4,1163476562.5,-29,-37,-21.75491598924191,-30,24
00:09:8b:02:5a:c0,00:09:8b:02:5a:c4,1163671875,-29,-37,-21.75491598924191,-30,24
00:09:8b:02:5a:c0,00:09:8b:02:5a:c4,1163867187.5,-30,-38,-21.75491598924191,-30,24
00:09:8b:02:5a:c0,00:09:8b:02:5a:c4,1164062500,-30,-38,-21.75491598924191,-30,24
00:09:8b:02:5a:c0,00:09:8b:02:5a:c4,1164257812.5,-30,-38,-21.75491598924191,-30,24
00:09:8b:02:5a:c0,00:09:8b:02:5a:c4,1164453125,-31,-39,-21.75491598924191,-30,24
00:09:8b:02:5a:c0,00:09:8b:02:5a:c4,1164648437.5,-33,-41,-21.75491598924191,-30,24
00:09:8b:02:5a:c0,00:09:8b:02:5a:c4,1164843750,-32,-40,-21.75491598924191,-30,24
00:09:8b:02:5a:c0,00:09:8b:02:5a:c4,1165039062.5,-32,-40,-21.75491598924191,-30,24
00:09:8b:02:5a:c0,00:09:8b:02:5a:c4,1165234375,-32,-40,-21.75491598924191,-30,24
00:09:8b:02:5a:c0,00:09:8b:02:5a:c4,1165429687.5,-33,-41,-21.75491598924191,-30,24
00:09:8b:02:5a:c0,00:09:8b:02:5a:c4,1165625000,-33,-41,-21.75491598924191,-30,24
00:09:8b:02:5a:c0,00:09:8b:02:5a:c4,1165820312.5,-34,-42,-21.75491598924191,-30,24
00:09:8b:02:5a:c0,00:09:8b:02:5a:c4,1166015625,-33,-41,-21.75491598924191,-30,24
00:09:8b:02:5a:c0,00:09:8b:02:5a:c4,1166210937.5,-32,-40,-21.75491598924191,-30,24
00:09:8b:02:5a:c0,00:09:8b:02:5a:c4,1166406250,-32,-40,-21.75491598924191,-30,24
00:09:8b:02:5a:c0,00:09:8b:02:5a:c4,1166601562.5,-33,-41,-21.75491598924191,-30,24
00:09:8b:02:5a:c0,00:09:8b:02:5a:c4,1166796875,-31,-39,-21.75491598924191,-30,24
00:09:8b:02:5a:c0,00:09:8b:02:5a:c4,1166992187.5,-32,-40,-21.75491598924191,-30,24
00:09:8b:02:5a:c0,00:09:8b:02:5a:c4,1167187500,-31,-39,-21.75491598924191,-30,24
00:09:8b:02:5a:c0,00:09:8b:02:5a:c4,1167382812.5,-30,-38,-21.75491598924191,-30,24
00:09:8b:02:5a:c0,00:09:8b:02:5a:c4,1167578125,-30,-38,-21.75491598924191,-30,24
00:09:8b:02:5a:c0,00:09:8b:02:5a:c4,1167773437.5,-30,-38,-21.75491598924191,-30,24
00:09:8b:02:5a:c0,00:09:8b:02:5a:c4,1167968750,-29,-37,-21.75491598924191,-30,24
00:09:8b:02:5a:c0,00:09:8b:02:5a:c4,1168164062.5,-29,-37,-21.75491598924191,-30,24
00:09:8b:02:5a:c0,00:09:8b:02:5a:c4,1168359375,-29,-37,-21.75491598924191,-30,24
00:09:8b:02:5a:c0,00:09:8b:02:5a:c4,1168554687.5,-29,-37,-21.75491598924191,-30,24
00:09:8b:02:5a:c0,00:09:8b:02:5a:c4,1168750000,-29,-37,-21.75491598924191,-30,24
00:09:8b:02:5a:c0,00:09:8b:02:5a:c4,1168945312.5,-28,-36,-21.75491598924191,-30,24
00:09:8b:02:5a:c0,00:09:8b:02:5a:c4,1169140625,-28,-36,-21.75491598924191,-30,24
00:09:8b:02:5a:c0,00:09:8b:02:5a:c4,1169335937.5,-27,-35,-21.75491598924191,-30,24
00:09:8b:02:5a:c0,00:09:8b:02:5a:c4,1169531250,-28,-36,-21.75491598924191,-30,24
00:09:8b:02:5a:c0,00:09:8b:02:5a:c4,1169726562.5,-26,-34,-21.75491598924191,-30,24
00:09:8b:02:5a:c0,00:09:8b:02:5a:c4,1169921875,-27,-35,-21.75491598924191,-30,24
00:09:8b:02:5a:c0,00:09:8b:02:5a:c4,1170117187.5,-27,-35,-21.75491598924191,-30,24
00:09:8b:02:5a:c0,00:09:8b:02:5a:c4,1170312500,-27,-35,-21.75491598924191,-30,24
00:09:8b:02:5a:c0,00:09:8b:02:5a:c4,1170507812.5,-27,-35,-21.75491598924191,-30,24
00:09:8b:02:5a:c0,00:09:8b:02:5a:c4,1170703125,-27,-35,-21.75491598924191,-30,24
00:09:8b:02:5a:c0,00:09:8b:02:5a:c4,1170898437.5,-26,-34,-21.75491598924191,-30,24
00:09:8b:02:5a:c0,00:09:8b:02:5a:c4,1171093750,-25,-33,-21.75491598924191,-30,24
00:09:8b:02:5a:c0,00:09:8b:02:5a:c4,1171289062.5,-26,-34,-21.75491598924191,-30,24
00:09:8b:02:5a:c0,00:09:8b:02:5a:c4,1171484375,-25,-33,-21.75491598924191,-30,24
00:09:8b:02:5a:c0,00:09:8b:02:5a:c4,1171679687.5,-26,-34,-21.75491598924191,-30,24
00:09:8b:02:5a:c0,00:09:8b:02:5a:c4,1171875000,-27,-35,-21.75491598924191,-30,24
00:09:8b:02:5a:c0,00:09:8b:02:5a:c4,1172070312.5,-26,-34,-21.75491598924191,-30,24
00:09:8b:02:5a:c0,00:09:8b:02:5a:c4,1172265625,-25,-33,-21.75491598924191,-30,24
00:09:8b:02:5a:c0,00:09:8b:02:5a:c4,1172460937.5,-25,-33,-21.75491598924191,-30,24
00:09:8b:02:5a:c0,00:09:8b:02:5a:c4,1172656250,-25,-33,-21.75491598924191,-30,24
00:09:8b:02:5a:c0,00:09:8b:02:5a:c4,1172851562.5,-25,-33,-21.75491598924191,-30,24
00:09:8b:02:5a:c0,00:09:8b:02:5a:c4,1173046875,-25,-33,-21.75491598924191,-30,24
00:09:8b:02:5a:c0,00:09:8b:02:5a:c4,1173242187.5,-25,-33,-21.75491598924191,-30,24
00:09:8b:02:5a:c0,00:09:8b:02:5a:c4,1173437500,-24,-32,-21.75491598924191,-30,24
00:09:8b:02:5a:c0,00:09:8b:02:5a:c4,1173632812.5,-25,-33,-21.75491598924191,-30,24
00:09:8b:02:5a:c0,00:09:8b:02:5a:c4,1173828125,-24,-32,-21.75491598924191,-30,24
00:09:8b:02:5a:c0,00:09:8b:02:5a:c4,1174023437.5,-25,-33,-21.75491598924191,-30,24
00:09:8b:02:5a:c0,00:09:8b:02:5a:c4,1174218750,-26,-34,-21.75491598924191,-30,24
00:09:8b:02:5a:c0,00:09:8b:02:5a:c4,1174414062.5,-25,-33,-21.75491598924191,-30,24
00:09:8b:02:5a:c0,00:09:8b:02:5a:c4,1174609375,-26,-34,-21.75491598924191,-30,24
00:09:8b:02:5a:c0,00:09:8b:02:5a:c4,1174804687.5,-26,-34,-21.75491598924191,-30,24
00:09:8b:02:5a:c0,00:09:8b:02:5a:c4,1175000000,-24,-32,-21.75491598924191,-30,24
00:09:8b:02:5a:c0,00:09:8b:02:5a:c4,1175195312.5,-25,-33,-21.75491598924191,-30,24
00:09:8b:02:5a:c0,00:09:8b:02:5a:c4,1175390625,-25,-33,-21.75491598924191,-30,24
00:09:8b:02:5a:c0,00:09:8b:02:5a:c4,1175585937.5,-25,-33,-21.75491598924191,-30,24
00:09:8b:02:5a:c0,00:09:8b:02:5a:c4,1175781250,-26,-34,-21.75491598924191,-30,24
00:09:8b:02:5a:c0,00:09:8b:02:5a:c4,1175976562.5,-26,-34,-21.75491598924191,-30,24
00:09:8b:02:5a:c0,00:09:8b:02:5a:c4,1176171875,-25,-33,-21.75491598924191,-30,24
00:09:8b:02:5a:c0,00:09:8b:02:5a:c4,1176367187.5,-25,-33,-21.75491598924191,-30,24
00:09:8b:02:5a:c0,00:09:8b:02:5a:c4,1176562500,-27,-35,-21.75491598924191,-30,24
00:09:8b:02:5a:c0,00:09:8b:02:5a:c4,1176757812.5,-26,-34,-21.75491598924191,-30,24
00:09:8b:02:5a:c0,00:09:8b:02:5a:c4,1176953125,-26,-34,-21.75491598924191,-30,24
00:09:8b:02:5a:c0,00:09:8b:02:5a:c4,1177148437.5,-27,-35,-21.75491598924191,-30,24
00:09:8b:02:5a:c0,00:09:8b:02:5a:c4,1177343750,-27,-35,-21.75491598924191,-30,24
00:09:8b:02:5a:c0,00:09:8b:02:5a:c4,1177539062.5,-27,-35,-21.75491598924191,-30,24
00:09:8b:02:5a:c0,00:09:8b:02:5a:c4,1177734375,-28,-36,-21.75491598924191,-30,24
00:09:8b:02:5a:c0,00:09:8b:02:5a:c4,1177929687.5,-29,-37,-21.75491598924191,-30,24
00:09:8b:02:5a:c0,00:09:8b:02:5a:c4,1178125000,-28,-36,-21.75491598924191,-30,24
00:09:8b:02:5a:c0,00:09:8b:02:5a:c4,1178320312.5,-27,-35,-21.75491598924191,-30,24
00:09:8b:02:5a:c0,00:09:8b:02:5a:c4,1178515625,-30,-38,-21.75491598924191,-30,24
00:09:8b:02:5a:c0,00:09:8b:02:5a:c4,1178710937.5,-31,-39,-21.75491598924191,-30,24
00:09:8b:02:5a:c0,00:09:8b:02:5a:c4,1178906250,-30,-38,-21.75491598924191,-30,24
00:09:8b:02:5a:c0,00:09:8b:02:5a:c4,1179101562.5,-31,-39,-21.75491598924191,-30,24
00:09:8b:02:5a:c0,00:09:8b:02:5a:c4,1179296875,-30,-38,-21.75491598924191,-30,24
00:09:8b:02:5a:c0,00:09:8b:02:5a:c4,1179492187.5,-31,-39,-21.75491598924191,-30,24
00:09:8b:02:5a:c0,00:09:8b:02:5a:c4,1179687500,-32,-40,-21.75491598924191,-30,24
00:09:8b:02:5a:c0,00:09:8b:02:5a:c4,1179882812.5,-33,-41,-21.75491598924191,-30,24
00:09:8b:02:5a:c0,00:09:8b:02:5a:c4,1180078125,-33,-41,-21.75491598924191,-30,24
00:09:8b:02:5a:c0,00:09:8b:02:5a:c4,1180273437.5,-33,-41,-21.75491598924191,-30,24
00:09:8b:02:5a:c0,00:09:8b:02:5a:c4,1180468750,-34,-42,-21.75491598924191,-30,24
00:09:8b:02:5a:c0,00:09:8b:02:5a:c4,1180664062.5,-32,-40,-21.75491598924191,-30,24
00:09:8b:02:5a:c0,00:09:8b:02:5a:c4,1180859375,-34,-42,-21.75491598924191,-30,24
00:09:8b:02:5a:c0,00:09:8b:02:5a:c4,1181054687.5,-34,-42,-21.75491598924191,-30,24
00:09:8b:02:5a:c0,00:09:8b:02:5a:c4,1181250000,-33,-41,-21.75491598924191,-30,24
00:09:8b:02:5a:c0,00:09:8b:02:5a:c4,1181445312.5,-33,-41,-21.75491598924191,-30,24
00:09:8b:02:5a:c0,00:09:8b:02:5a:c4,1181640625,-33,-41,-21.75491598924191,-30,24
00:09:8b:02:5a:c0,00:09:8b:02:5a:c4,1181835937.5,-33,-41,-21.75491598924191,-30,24
00:09:8b:02:5a:c0,00:09:8b:02:5a:c4,1182031250,-33,-41,-21.75491598924191,-30,24
00:09:8b:02:5a:c0,00:09:8b:02:5a:c4,1182226562.5,-33,-41,-21.75491598924191,-30,24
00:09:8b:02:5a:c0,00:09:8b:02:5a:c4,1182421875,-32,-40,-21.75491598924191,-30,24
00:09:8b:02:5a:c0,00:09:8b:02:5a:c4,1182617187.5,-32,-40,-21.75491598924191,-30,24
00:09:8b:02:5a:c0,00:09:8b:02:5a:c4,1182812500,-31,-39,-21.75491598924191,-30,24
00:09:8b:02:5a:c0,00:09:8b:02:5a:c4,1183007812.5,-30,-38,-21.75491598924191,-30,24
00:09:8b:02:5a:c0,00:09:8b:02:5a:c4,1183203125,-30,-38,-21.75491598924191,-30,24
00:09:8b:02:5a:c0,00:09:8b:02:5a:c4,1183398437.5,-30,-38,-21.75491598924191,-30,24
00:09:8b:02:5a:c0,00:09:8b:02:5a:c4,1183593750,-30,-38,-21.75491598924191,-30,24
00:09:8b:02:5a:c0,00:09:8b:02:5a:c4,1183789062.5,-29,-37,-21.75491598924191,-30,24
00:09:8b:02:5a:c0,00:09:8b:02:5a:c4,1183984375,-29,-37,-21.75491598924191,-30,24
00:09:8b:02:5a:c0,00:09:8b:02:5a:c4,1184179687.5,-30,-38,-21.75491598924191,-30,24
00:09:8b:02:5a:c0,00:09:8b:02:5a:c4,1184375000,-29,-37,-21.75491598924191,-30,24
00:09:8b:02:5a:c0,00:09:8b:02:5a:c4,1184570312.5,-30,-38,-21.75491598924191,-30,24
00:09:8b:02:5a:c0,00:09:8b:02:5a:c4,1184765625,-28,-36,-21.75491598924191,-30,24
00:09:8b:02:5a:c0,00:09:8b:02:5a:c4,1184960937.5,-28,-36,-21.75491598924191,-30,24
00:09:8b:02:5a:c0,00:09:8b:02:5a:c4,1185156250,-28,-36,-21.75491598924191,-30,24
00:09:8b:02:5a:c0,00:09:8b:02:5a:c4,1185351562.5,-28,-36,-21.75491598924191,-30,24
00:09:8b:02:5a:c0,00:09:8b:02:5a:c4,1185546875,-28,-36,-21.75491598924191,-30,24
00:09:8b:02:5a:c0,00:09:8b:02:5a:c4,1185742187.5,-28,-36,-21.75491598924191,-30,24
00:09:8b:02:5a:c0,00:09:8b:02:5a:c4,1185937500,-28,-36,-21.75491598924191,-30,24
00:09:8b:02:5a:c0,00:09:8b:02:5a:c4,1186132812.5,-27,-35,-21.75491598924191,-30,24
00:09:8b:02:5a:c0,00:09:8b:02:5a:c4,1186328125,-27,-35,-21.75491598924191,-30,24
00:09:8b:02:5a:c0,00:09:8b:02:5a:c4,1186523437.5,-27,-35,-21.75491598924191,-30,24
00:09:8b:02:5a:c0,00:09:8b:02:5a:c4,1186718750,-27,-35,-21.75491598924191,-30,24
00:09:8b:02:5a:c0,00:09:8b:02:5a:c4,1186914062.5,-27,-35,-21.75491598924191,-30,24
00:09:8b:02:5a:c0,00:09:8b:02:5a:c4,1187109375,-26,-34,-21.75491598924191,-30,24
00:09:8b:02:5a:c0,00:09:8b:02:5a:c4,1187304687.5,-26,-34,-21.75491598924191,-30,24
00:09:8b:02:5a:c0,00:09:8b:02:5a:c4,1187500000,-27,-35,-21.75491598924191,-30,24
00:09:8b:02:5a:c0,00:09:8b:02:5a:c4,1187695312.5,-25,-33,-21.75491598924191,-30,24
00:09:8b:02:5a:c0,00:09:8b:02:5a:c4,1187890625,-27,-35,-21.75491598924191,-30,24
00:09:8b:02:5a:c0,00:09:8b:02:5a:c4,1188085937.5,-25,-33,-21.75491598924191,-30,24
00:09:8b:02:5a:c0,00:09:8b:02:5a:c4,1188281250,-25,-33,-21.75491598924191,-30,24
00:09:8b:02:5a:c0,00:09:8b:02:5a:c4,1188476562.5,-25,-33,-21.75491598924191,-30,24
00:09:8b:02:5a:c0,00:09:8b:02:5a:c4,1188671875,-27,-35,-21.75491598924191,-30,24
00:09:8b:02:5a:c0,00:09:8b:02:5a:c4,1188867187.5,-25,-33,-21.75491598924191,-30,24
00:09:8b:02:5a:c0,00:09:8b:02:5a:c4,1189062500,-24,-32,-21.75491598924191,-30,24
00:09:8b:02:5a:c0,00:09:8b:02:5a:c4,1189257812.5,-25,-33,-21.75491598924191,-30,24
00:09:8b:02:5a:c0,00:09:8b:02:5a:c4,1189453125,-26,-34,-21.75491598924191,-30,24
00:09:8b:02:5a:c0,00:09:8b:02:5a:c4,1189648437.5,-26,-34,-21.75491598924191,-30,24
00:09:8b:02:5a:c0,00:09:8b:02:5a:c4,1189843750,-26,-34,-21.75491598924191,-30,24
00:09:8b:02:5a:c0,00:09:8b:02:5a:c4,1190039062.5,-25,-33,-21.75491598924191,-30,24
00:09:8b:02:5a:c0,00:09:8b:02:5a:c4,1190234375,-26,-34,-21.75491598924191,-30,24
00:09:8b:02:5a:c0,00:09:8b:02:5a:c4,1190429687.5,-26,-34,-21.75491598924191,-30,24
00:09:8b:02:5a:c0,00:09:8b:02:5a:c4,1190625000,-25,-33,-21.75491598924191,-30,24
00:09:8b:02:5a:c0,00:09:8b:02:5a:c4,1190820312.5,-26,-34,-21.75491598924191,-30,24
00:09:8b:02:5a:c0,00:09:8b:02:5a:c4,1191015625,-26,-34,-21.75491598924191,-30,24
00:09:8b:02:5a:c0,00:09:8b:02:5a:c4,1191210937.5,-25,-33,-21.75491598924191,-30,24
00:09:8b:02:5a:c0,00:09:8b:02:5a:c4,1191406250,-26,-34,-21.75491598924191,-30,24
00:09:8b:02:5a:c0,00:09:8b:02:5a:c4,1191601562.5,-27,-35,-21.75491598924191,-30,24
00:09:8b:02:5a:c0,00:09:8b:02:5a:c4,1191796875,-28,-36,-21.75491598924191,-30,24
00:09:8b:02:5a:c0,00:09:8b:02:5a:c4,1191992187.5,-27,-35,-21.75491598924191,-30,24
00:09:8b:02:5a:c0,00:09:8b:02:5a:c4,1192187500,-26,-34,-21.75491598924191,-30,24
00:09:8b:02:5a:c0,00:09:8b:02:5a:c4,1192382812.5,-27,-35,-21.75491598924191,-30,24
00:09:8b:02:5a:c0,00:09:8b:02:5a:c4,1192578125,-28,-36,-21.75491598924191,-30,24
00:09:8b:02:5a:c0,00:09:8b:02:5a:c4,1192773437.5,-28,-36,-21.75491598924191,-30,24
00:09:8b:02:5a:c0,00:09:8b:02:5a:c4,1192968750,-27,-35,-21.75491598924191,-30,24
00:09:8b:02:5a:c0,00:09:8b:02:5a:c4,1193164062.5,-28,-36,-21.75491598924191,-30,24
00:09:8b:02:5a:c0,00:09:8b:02:5a:c4,1193359375,-29,-37,-21.75491598924191,-30,24
00:09:8b:02:5a:c0,00:09:8b:02:5a:c4,1193554687.5,-30,-38,-21.75491598924191,-30,24
00:09:8b:02:5a:c0,00:09:8b:02:5a:c4,1193750000,-29,-37,-21.75491598924191,-30,24
00:09:8b:02:5a:c0,00:09:8b:02:5a:c4,1193945312.5,-30,-38,-21.75491598924191,-30,24
00:09:8b:02:5a:c0,00:09:8b:02:5a:c4,1194140625,-30,-38,-21.75491598924191,-30,24
00:09:8b:02:5a:c0,00:09:8b:02:5a:c4,1194335937.5,-30,-38,-21.75491598924191,-30,24
00:09:8b:02:5a:c0,00:09:8b:02:5a:c4,1194531250,-31,-39,-21.75491598924191,-30,24
00:09:8b:02:5a:c0,00:09:8b:02:5a:c4,1194726562.5,-31,-39,-21.75491598924191,-30,24
00:09:8b:02:5a:c0,00:09:8b:02:5a:c4,1194921875,-31,-39,-21.75491598924191,-30,24
00:09:8b:02:5a:c0,00:09:8b:02:5a:c4,1195117187.5,-31,-39,-21.75491598924191,-30,24
00:09:8b:02:5a:c0,00:09:8b:02:5a:c4,1195312500,-32,-40,-21.75491598924191,-30,24
00:09:8b:02:5a:c0,00:09:8b:02:5a:c4,1195507812.5,-33,-41,-21.75491598924191,-30,24
00:09:8b:02:5a:c0,00:09:8b:02:5a:c4,1195703125,-34,-42,-21.75491598924191,-30,24
00:09:8b:02:5a:c0,00:09:8b:02:5a:c4,1195898437.5,-33,-41,-21.75491598924191,-30,24
00:09:8b:02:5a:c0,00:09:8b:02:5a:c4,1196093750,-32,-40,-21.75491598924191,-30,24
00:09:8b:02:5a:c0,00:09:8b:02:5a:c4,1196289062.5,-34,-42,-21.75491598924191,-30,24
00:09:8b:02:5a:c0,00:09:8b:02:5a:c4,1196484375,-33,-41,-21.75491598924191,-30,24
00:09:8b:02:5a:c0,00:09:8b:02:5a:c4,1196679687.5,-35,-43,-21.75491598924191,-30,24
00:09:8b:02:5a:c0,00:09:8b:02:5a:c4,1196875000,-34,-42,-21.75491598924191,-30,24
00:09:8b:02:5a:c0,00:09:8b:02:5a:c4,1197070312.5,-33,-41,-21.75491598924191,-30,24
00:09:8b:02:5a:c0,00:09:8b:02:5a:c4,1197265625,-33,-41,-21.75491598924191,-30,24
00:09:8b:02:5a:c0,00:09:8b:02:5a:c4,1197460937.5,-33,-41,-21.75491598924191,-30,24
00:09:8b:02:5a:c0,00:09:8b:02:5a:c4,1197656250,-33,-41,-21.75491598924191,-30,24
00:09:8b:02:5a:c0,00:09:8b:02:5a:c4,1197851562.5,-32,-40,-21.75491598924191,-30,24
00:09:8b:02:5a:c0,00:09:8b:02:5a:c4,1198046875,-32,-40,-21.75491598924191,-30,24
00:09:8b:02:5a:c0,00:09:8b:02:5a:c4,1198242187.5,-32,-40,-21.75491598924191,-30,24
00:09:8b:02:5a:c0,00:09:8b:02:5a:c4,1198437500,-32,-40,-21.75491598924191,-30,24
00:09:8b:02:5a:c0,00:09:8b:02:5a:c4,1198632812.5,-31,-39,-21.75491598924191,-30,24
00:09:8b:02:5a:c0,00:09:8b:02:5a:c4,1198828125,-30,-38,-21.75491598924191,-30,24
00:09:8b:02:5a:c0,00:09:8b:02:5a:c4,1199023437.5,-30,-38,-21.75491598924191,-30,24
00:09:8b:02:5a:c0,00:09:8b:02:5a:c4,1199218750,-30,-38,-21.75491598924191,-30,24
00:09:8b:02:5a:c0,00:09:8b:02:5a:c4,1199414062.5,-34,-42,-21.75491598924191,-30,24
00:09:8b:02:5a:c0,00:09:8b:02:5a:c4,1199609375,-37,-45,-21.75491598924191,-30,24
00:09:8b:02:5a:c0,00:09:8b:02:5a:c4,1199804687.5,-41,-49,-21.75491598924191,-30,24
00:09:8b:02:5a:c0,00:09:8b:02:5a:c4,1200000000,-44,-52,-21.75491598924191,-30,24
00:09:8b:02:5a:c0,00:09:8b:02:5a:c4,1200195312.5,-44,-52,-21.75491598924191,-30,24
00:09:8b:02:5a:c0,00:09:8b:02:5a:c4,1200390625,-44,-52,-21.75491598924191,-30,24
00:09:8b:02:5a:c0,00:09:8b:02:5a:c4,1200585937.5,-42,-50,-21.75491598924191,-30,24
00:09:8b:02:5a:c0,00:09:8b:02:5a:c4,1200781250,-38,-46,-21.75491598924191,-30,24
00:09:8b:02:5a:c0,00:09:8b:02:5a:c4,1200976562.5,-30,-38,-21.75491598924191,-30,24
00:09:8b:02:5a:c0,00:09:8b:02:5a:c4,1201171875,-28,-36,-21.75491598924191,-30,24
00:09:8b:02:5a:c0,00:09:8b:02:5a:c4,1201367187.5,-28,-36,-21.75491598924191,-30,24
00:09:8b:02:5a:c0,00:09:8b:02:5a:c4,1201562500,-29,-37,-21.75491598924191,-30,24
00:09:8b:02:5a:c0,00:09:8b:02:5a:c4,1201757812.5,-28,-36,-21.75491598924191,-30,24
00:09:8b:02:5a:c0,00:09:8b:02:5a:c4,1201953125,-28,-36,-21.75491598924191,-30,24
00:09:8b:02:5a:c0,00:09:8b:02:5a:c4,1202148437.5,-27,-35,-21.75491598924191,-30,24
00:09:8b:02:5a:c0,00:09:8b:02:5a:c4,1202343750,-27,-35,-21.75491598924191,-30,24
00:09:8b:02:5a:c0,00:09:8b:02:5a:c4,1202539062.5,-26,-34,-21.75491598924191,-30,24
00:09:8b:02:5a:c0,00:09:8b:02:5a:c4,1202734375,-27,-35,-21.75491598924191,-30,24
00:09:8b:02:5a:c0,00:09:8b:02:5a:c4,1202929687.5,-26,-34,-21.75491598924191,-30,24
00:09:8b:02:5a:c0,00:09:8b:02:5a:c4,1203125000,-27,-35,-21.75491598924191,-30,24
00:09:8b:02:5a:c0,00:09:8b:02:5a:c4,1203320312.5,-27,-35,-21.75491598924191,-30,24
00:09:8b:02:5a:c0,00:09:8b:02:5a:c4,1203515625,-26,-34,-21.75491598924191,-30,24
00:09:8b:02:5a:c0,00:09:8b:02:5a:c4,1203710937.5,-25,-33,-21.75491598924191,-30,24
00:09:8b:02:5a:c0,00:09:8b:02:5a:c4,1203906250,-25,-33,-21.75491598924191,-30,24
00:09:8b:02:5a:c0,00:09:8b:02:5a:c4,1204101562.5,-27,-35,-21.75491598924191,-30,24
00:09:8b:02:5a:c0,00:09:8b:02:5a:c4,1204296875,-25,-33,-21.75491598924191,-30,24
00:09:8b:02:5a:c0,00:09:8b:02:5a:c4,1204492187.5,-24,-32,-21.75491598924191,-30,24
00:09:8b:02:5a:c0,00:09:8b:02:5a:c4,1204687500,-28,-36,-21.75491598924191,-30,24
00:09:8b:02:5a:c0,00:09:8b:02:5a:c4,1204882812.5,-24,-32,-21.75491598924191,-30,24
00:09:8b:02:5a:c0,00:09:8b:02:5a:c4,1205078125,-25,-33,-21.75491598924191,-30,24
00:09:8b:02:5a:c0,00:09:8b:02:5a:c4,1205273437.5,-25,-33,-21.75491598924191,-30,24
00:09:8b:02:5a:c0,00:09:8b:02:5a:c4,1205468750,-24,-32,-21.75491598924191,-30,24
00:09:8b:02:5a:c0,00:09:8b:02:5a:c4,1205664062.5,-26,-34,-21.75491598924191,-30,24
00:09:8b:02:5a:c0,00:09:8b:02:5a:c4,1205859375,-25,-33,-21.75491598924191,-30,24
00:09:8b:02:5a:c0,00:09:8b:02:5a:c4,1206054687.5,-25,-33,-21.75491598924191,-30,24
00:09:8b:02:5a:c0,00:09:8b:02:5a:c4,1206250000,-26,-34,-21.75491598924191,-30,24
00:09:8b:02:5a:c0,00:09:8b:02:5a:c4,1206445312.5,-25,-33,-21.75491598924191,-30,24
00:09:8b:02:5a:c0,00:09:8b:02:5a:c4,1206640625,-26,-34,-21.75491598924191,-30,24
00:09:8b:02:5a:c0,00:09:8b:02:5a:c4,1206835937.5,-27,-35,-21.75491598924191,-30,24
00:09:8b:02:5a:c0,00:09:8b:02:5a:c4,1207031250,-26,-34,-21.75491598924191,-30,24
00:09:8b:02:5a:c0,00:09:8b:02:5a:c4,1207226562.5,-27,-35,-21.75491598924191,-30,24
00:09:8b:02:5a:c0,00:09:8b:02:5a:c4,1207421875,-26,-34,-21.75491598924191,-30,24
00:09:8b:02:5a:c0,00:09:8b:02:5a:c4,1207617187.5,-28,-36,-21.75491598924191,-30,24
00:09:8b:02:5a:c0,00:09:8b:02:5a:c4,1207812500,-28,-36,-21.75491598924191,-30,24
00:09:8b:02:5a:c0,00:09:8b:02:5a:c4,1208007812.5,-27,-35,-21.75491598924191,-30,24
00:09:8b:02:5a:c0,00:09:8b:02:5a:c4,1208203125,-28,-36,-21.75491598924191,-30,24
00:09:8b:02:5a:c0,00:09:8b:02:5a:c4,1208398437.5,-30,-38,-21.75491598924191,-30,24
00:09:8b:02:5a:c0,00:09:8b:02:5a:c4,1208593750,-29,-37,-21.75491598924191,-30,24
00:09:8b:02:5a:c0,00:09:8b:02:5a:c4,1208789062.5,-29,-37,-21.75491598924191,-30,24
00:09:8b:02:5a:c0,00:09:8b:02:5a:c4,1208984375,-30,-38,-21.75491598924191,-30,24
00:09:8b:02:5a:c0,00:09:8b:02:5a:c4,1209179687.5,-30,-38,-21.75491598924191,-30,24
00:09:8b:02:5a:c0,00:09:8b:02:5a:c4,1209375000,-31,-39,-21.75491598924191,-30,24
00:09:8b:02:5a:c0,00:09:8b:02:5a:c4,1209570312.5,-31,-39,-21.75491598924191,-30,24
00:09:8b:02:5a:c0,00:09:8b:02:5a:c4,1209765625,-30,-38,-21.75491598924191,-30,24
00:09:8b:02:5a:c0,00:09:8b:02:5a:c4,1209960937.5,-32,-40,-21.75491598924191,-30,24
00:09:8b:02:5a:c0,00:09:8b:02:5a:c4,1210156250,-32,-40,-21.75491598924191,-30,24
00:09:8b:02:5a:c0,00:09:8b:02:5a:c4,1210351562.5,-31,-39,-21.75491598924191,-30,24
00:09:8b:02:5a:c0,00:09:8b:02:5a:c4,1210546875,-31,-39,-21.75491598924191,-30,24
00:09:8b:02:5a:c0,00:09:8b:02:5a:c4,1210742187.5,-32,-40,-21.75491598924191,-30,24
00:09:8b:02:5a:c0,00:09:8b:02:5a:c4,1210937500,-36,-44,-21.75491598924191,-30,24
00:09:8b:02:5a:c0,00:09:8b:02:5a:c4,1211132812.5,-32,-40,-21.75491598924191,-30,24
00:09:8b:02:5a:c0,00:09:8b:02:5a:c4,1211328125,-32,-40,-21.75491598924191,-30,24
00:09:8b:02:5a:c0,00:09:8b:02:5a:c4,1211523437.5,-32,-40,-21.75491598924191,-30,24
00:09:8b:02:5a:c0,00:09:8b:02:5a:c4,1211718750,-33,-41,-21.75491598924191,-30,24
00:09:8b:02:5a:c0,00:09:8b:02:5a:c4,1211914062.5,-32,-40,-21.75491598924191,-30,24
00:09:8b:02:5a:c0,00:09:8b:02:5a:c4,1212109375,-32,-40,-21.75491598924191,-30,24
00:09:8b:02:5a:c0,00:09:8b:02:5a:c4,1212304687.5,-32,-40,-21.75491598924191,-30,24
00:09:8b:02:5a:c0,00:09:8b:02:5a:c4,1212500000,-31,-39,-21.75491598924191,-30,24
00:09:8b:02:5a:c0,00:09:8b:02:5a:c4,1212695312.5,-32,-40,-21.75491598924191,-30,24
00:09:8b:02:5a:c0,00:09:8b:02:5a:c4,1212890625,-33,-41,-21.75491598924191,-30,24
00:09:8b:02:5a:c0,00:09:8b:02:5a:c4,1213085937.5,-31,-39,-21.75491598924191,-30,24
00:09:8b:02:5a:c0,00:09:8b:02:5a:c4,1213281250,-31,-39,-21.75491598924191,-30,24
00:09:8b:02:5a:c0,00:09:8b:02:5a:c4,1213476562.5,-28,-36,-21.75491598924191,-30,24
00:09:8b:02:5a:c0,00:09:8b:02:5a:c4,1213671875,-31,-39,-21.75491598924191,-30,24
00:09:8b:02:5a:c0,00:09:8b:02:5a:c4,1213867187.5,-32,-40,-21.75491598924191,-30,24
00:09:8b:02:5a:c0,00:09:8b:02:5a:c4,1214062500,-31,-39,-21.75491598924191,-30,24
00:09:8b:02:5a:c0,00:09:8b:02:5a:c4,1214257812.5,-31,-39,-21.75491598924191,-30,24
00:09:8b:02:5a:c0,00:09:8b:02:5a:c4,1214453125,-29,-37,-21.75491598924191,-30,24
00:09:8b:02:5a:c0,00:09:8b:02:5a:c4,1214648437.5,-30,-38,-21.75491598924191,-30,24
00:09:8b:02:5a:c0,00:09:8b:02:5a:c4,1214843750,-30,-38,-21.75491598924191,-30,24
00:09:8b:02:5a:c0,00:09:8b:02:5a:c4,1215039062.5,-29,-37,-21.75491598924191,-30,24
00:09:8b:02:5a:c0,00:09:8b:02:5a:c4,1215234375,-29,-37,-21.75491598924191,-30,24
00:09:8b:02:5a:c0,00:09:8b:02:5a:c4,1215429687.5,-29,-37,-21.75491598924191,-30,24
00:09:8b:02:5a:c0,00:09:8b:02:5a:c4,1215625000,-28,-36,-21.75491598924191,-30,24
00:09:8b:02:5a:c0,00:09:8b:02:5a:c4,1215820312.5,-28,-36,-21.75491598924191,-30,24
00:09:8b:02:5a:c0,00:09:8b:02:5a:c4,1216015625,-29,-37,-21.75491598924191,-30,24
00:09:8b:02:5a:c0,00:09:8b:02:5a:c4,1216210937.5,-30,-38,-21.75491598924191,-30,24
00:09:8b:02:5a:c0,00:09:8b:02:5a:c4,1216406250,-26,-34,-21.75491598924191,-30,24
00:09:8b:02:5a:c0,00:09:8b:02:5a:c4,1216601562.5,-28,-36,-21.75491598924191,-30,24
00:09:8b:02:5a:c0,00:09:8b:02:5a:c4,1216796875,-26,-34,-21.75491598924191,-30,24
00:09:8b:02:5a:c0,00:09:8b:02:5a:c4,1216992187.5,-27,-35,-21.75491598924191,-30,24
00:09:8b:02:5a:c0,00:09:8b:02:5a:c4,1217187500,-26,-34,-21.75491598924191,-30,24
00:09:8b:02:5a:c0,00:09:8b:02:5a:c4,1217382812.5,-28,-36,-21.75491598924191,-30,24
00:09:8b:02:5a:c0,00:09:8b:02:5a:c4,1217578125,-27,-35,-21.75491598924191,-30,24
00:09:8b:02:5a:c0,00:09:8b:02:5a:c4,1217773437.5,-26,-34,-21.75491598924191,-30,24
00:09:8b:02:5a:c0,00:09:8b:02:5a:c4,1217968750,-27,-35,-21.75491598924191,-30,24
00:09:8b:02:5a:c0,00:09:8b:02:5a:c4,1218164062.5,-26,-34,-21.75491598924191,-30,24
00:09:8b:02:5a:c0,00:09:8b:02:5a:c4,1218359375,-25,-33,-21.75491598924191,-30,24
00:09:8b:02:5a:c0,00:09:8b:02:5a:c4,1218554687.5,-26,-34,-21.75491598924191,-30,24
00:09:8b:02:5a:c0,00:09:8b:02:5a:c4,1218750000,-25,-33,-21.75491598924191,-30,24
00:09:8b:02:5a:c0,00:09:8b:02:5a:c4,1218945312.5,-27,-35,-21.75491598924191,-30,24
00:09:8b:02:5a:c0,00:09:8b:02:5a:c4,1219140625,-27,-35,-21.75491598924191,-30,24
00:09:8b:02:5a:c0,00:09:8b:02:5a:c4,1219335937.5,-25,-33,-21.75491598924191,-30,24
00:09:8b:02:5a:c0,00:09:8b:02:5a:c4,1219531250,-26,-34,-21.75491598924191,-30,24
00:09:8b:02:5a:c0,00:09:8b:02:5a:c4,1219726562.5,-23,-31,-21.75491598924191,-30,24
00:09:8b:02:5a:c0,00:09:8b:02:5a:c4,1219921875,-26,-34,-21.75491598924191,-30,24
00:09:8b:02:5a:c0,00:09:8b:02:5a:c4,1220117187.5,-26,-34,-21.75491598924191,-30,24
00:09:8b:02:5a:c0,00:09:8b:02:5a:c4,1220312500,-26,-34,-21.75491598924191,-30,24
00:09:8b:02:5a:c0,00:09:8b:02:5a:c4,1220507812.5,-25,-33,-21.75491598924191,-30,24
00:09:8b:02:5a:c0,00:09:8b:02:5a:c4,1220703125,-26,-34,-21.75491598924191,-30,24
00:09:8b:02:5a:c0,00:09:8b:02:5a:c4,1220898437.5,-26,-34,-21.75491598924191,-30,24
00:09:8b:02:5a:c0,00:09:8b:02:5a:c4,1221093750,-27,-35,-21.75491598924191,-30,24
00:09:8b:02:5a:c0,00:09:8b:02:5a:c4,1221289062.5,-26,-34,-21.75491598924191,-30,24
00:09:8b:02:5a:c0,00:09:8b:02:5a:c4,1221484375,-25,-33,-21.75491598924191,-30,24
00:09:8b:02:5a:c0,00:09:8b:02:5a:c4,1221679687.5,-26,-34,-21.75491598924191,-30,24
00:09:8b:02:5a:c0,00:09:8b:02:5a:c4,1221875000,-26,-34,-21.75491598924191,-30,24
00:09:8b:02:5a:c0,00:09:8b:02:5a:c4,1222070312.5,-26,-34,-21.75491598924191,-30,24
00:09:8b:02:5a:c0,00:09:8b:02:5a:c4,1222265625,-26,-34,-21.75491598924191,-30,24
00:09:8b:02:5a:c0,00:09:8b:02:5a:c4,1222460937.5,-27,-35,-21.75491598924191,-30,24
00:09:8b:02:5a:c0,00:09:8b:02:5a:c4,1222656250,-27,-35,-21.75491598924191,-30,24
00:09:8b:02:5a:c0,00:09:8b:02:5a:c4,1222851562.5,-26,-34,-21.75491598924191,-30,24
00:09:8b:02:5a:c0,00:09:8b:02:5a:c4,1223046875,-25,-33,-21.75491598924191,-30,24
00:09:8b:02:5a:c0,00:09:8b:02:5a:c4,1223242187.5,-28,-36,-21.75491598924191,-30,24
00:09:8b:02:5a:c0,00:09:8b:02:5a:c4,1223437500,-28,-36,-21.75491598924191,-30,24
00:09:8b:02:5a:c0,00:09:8b:02:5a:c4,1223632812.5,-29,-37,-21.75491598924191,-30,24
00:09:8b:02:5a:c0,00:09:8b:02:5a:c4,1223828125,-29,-37,-21.75491598924191,-30,24
00:09:8b:02:5a:c0,00:09:8b:02:5a:c4,1224023437.5,-30,-38,-21.75491598924191,-30,24
00:09:8b:02:5a:c0,00:09:8b:02:5a:c4,1224218750,-29,-37,-21.75491598924191,-30,24
00:09:8b:02:5a:c0,00:09:8b:02:5a:c4,1224414062.5,-31,-39,-21.75491598924191,-30,24
00:09:8b:02:5a:c0,00:09:8b:02:5a:c4,1224609375,-31,-39,-21.75491598924191,-30,24
00:09:8b:02:5a:c0,00:09:8b:02:5a:c4,1224804687.5,-29,-37,-21.75491598924191,-30,24
00:09:8b:02:5a:c0,00:09:8b:02:5a:c4,1225000000,-31,-39,-21.75491598924191,-30,24
00:09:8b:02:5a:c0,00:09:8b:02:5a:c4,1225195312.5,-31,-39,-21.75491598924191,-30,24
00:09:8b:02:5a:c0,00:09:8b:02:5a:c4,1225390625,-32,-40,-21.75491598924191,-30,24
00:09:8b:02:5a:c0,00:09:8b:02:5a:c4,1225585937.5,-32,-40,-21.75491598924191,-30,24
00:09:8b:02:5a:c0,00:09:8b:02:5a:c4,1225781250,-32,-40,-21.75491598924191,-30,24
00:09:8b:02:5a:c0,00:09:8b:02:5a:c4,1225976562.5,-31,-39,-21.75491598924191,-30,24
00:09:8b:02:5a:c0,00:09:8b:02:5a:c4,1226171875,-32,-40,-21.75491598924191,-30,24
00:09:8b:02:5a:c0,00:09:8b:02:5a:c4,1226367187.5,-32,-40,-21.75491598924191,-30,24
00:09:8b:02:5a:c0,00:09:8b:02:5a:c4,1226562500,-34,-42,-21.75491598924191,-30,24
00:09:8b:02:5a:c0,00:09:8b:02:5a:c4,1226757812.5,-32,-40,-21.75491598924191,-30,24
00:09:8b:02:5a:c0,00:09:8b:02:5a:c4,1226953125,-31,-39,-21.75491598924191,-30,24
00:09:8b:02:5a:c0,00:09:8b:02:5a:c4,1227148437.5,-32,-40,-21.75491598924191,-30,24
00:09:8b:02:5a:c0,00:09:8b:02:5a:c4,1227343750,-32,-40,-21.75491598924191,-30,24
00:09:8b:02:5a:c0,00:09:8b:02:5a:c4,1227539062.5,-33,-41,-21.75491598924191,-30,24
00:09:8b:02:5a:c0,00:09:8b:02:5a:c4,1227734375,-33,-41,-21.75491598924191,-30,24
00:09:8b:02:5a:c0,00:09:8b:02:5a:c4,1227929687.5,-31,-39,-21.75491598924191,-30,24
00:09:8b:02:5a:c0,00:09:8b:02:5a:c4,1228125000,-32,-40,-21.75491598924191,-30,24
00:09:8b:02:5a:c0,00:09:8b:02:5a:c4,1228320312.5,-30,-38,-21.75491598924191,-30,24
00:09:8b:02:5a:c0,00:09:8b:02:5a:c4,1228515625,-30,-38,-21.75491598924191,-30,24
00:09:8b:02:5a:c0,00:09:8b:02:5a:c4,1228710937.5,-31,-39,-21.75491598924191,-30,24
00:09:8b:02:5a:c0,00:09:8b:02:5a:c4,1228906250,-31,-39,-21.75491598924191,-30,24
00:09:8b:02:5a:c0,00:09:8b:02:5a:c4,1229101562.5,-29,-37,-21.75491598924191,-30,24
00:09:8b:02:5a:c0,00:09:8b:02:5a:c4,1229296875,-29,-37,-21.75491598924191,-30,24
00:09:8b:02:5a:c0,00:09:8b:02:5a:c4,1229492187.5,-29,-37,-21.75491598924191,-30,24
00:09:8b:02:5a:c0,00:09:8b:02:5a:c4,1229687500,-28,-36,-21.75491598924191,-30,24
00:09:8b:02:5a:c0,00:09:8b:02:5a:c4,1229882812.5,-28,-36,-21.75491598924191,-30,24
00:09:8b:02:5a:c0,00:09:8b:02:5a:c4,1230078125,-28,-36,-21.75491598924191,-30,24
00:09:8b:02:5a:c0,00:09:8b:02:5a:c4,1230273437.5,-28,-36,-21.75491598924191,-30,24
00:09:8b:02:5a:c0,00:09:8b:02:5a:c4,1230468750,-28,-36,-21.75491598924191,-30,24
00:09:8b:02:5a:c0,00:09:8b:02:5a:c4,1230664062.5,-27,-35,-21.75491598924191,-30,24
00:09:8b:02:5a:c0,00:09:8b:02:5a:c4,1230859375,-27,-35,-21.75491598924191,-30,24
00:09:8b:02:5a:c0,00:09:8b:02:5a:c4,1231054687.5,-28,-36,-21.75491598924191,-30,24
00:09:8b:02:5a:c0,00:09:8b:02:5a:c4,1231250000,-29,-37,-21.75491598924191,-30,24
00:09:8b:02:5a:c0,00:09:8b:02:5a:c4,1231445312.5,-26,-34,-21.75491598924191,-30,24
00:09:8b:02:5a:c0,00:09:8b:02:5a:c4,1231640625,-27,-35,-21.75491598924191,-30,24
00:09:8b:02:5a:c0,00:09:8b:02:5a:c4,1231835937.5,-25,-33,-21.75491598924191,-30,24
00:09:8b:02:5a:c0,00:09:8b:02:5a:c4,1232031250,-26,-34,-21.75491598924191,-30,24
00:09:8b:02:5a:c0,00:09:8b:02:5a:c4,1232226562.5,-26,-34,-21.75491598924191,-30,24
00:09:8b:02:5a:c0,00:09:8b:02:5a:c4,1232421875,-27,-35,-21.75491598924191,-30,24
00:09:8b:02:5a:c0,00:09:8b:02:5a:c4,1232617187.5,-26,-34,-21.75491598924191,-30,24
00:09:8b:02:5a:c0,00:09:8b:02:5a:c4,1232812500,-26,-34,-21.75491598924191,-30,24
00:09:8b:02:5a:c0,00:09:8b:02:5a:c4,1233007812.5,-25,-33,-21.75491598924191,-30,24
00:09:8b:02:5a:c0,00:09:8b:02:5a:c4,1233203125,-25,-33,-21.75491598924191,-30,24
00:09:8b:02:5a:c0,00:09:8b:02:5a:c4,1233398437.5,-25,-33,-21.75491598924191,-30,24
00:09:8b:02:5a:c0,00:09:8b:02:5a:c4,1233593750,-26,-34,-21.75491598924191,-30,24
00:09:8b:02:5a:c0,00:09:8b:02:5a:c4,1233789062.5,-25,-33,-21.75491598924191,-30,24
00:09:8b:02:5a:c0,00:09:8b:02:5a:c4,1233984375,-24,-32,-21.75491598924191,-30,24
00:09:8b:02:5a:c0,00:09:8b:02:5a:c4,1234179687.5,-25,-33,-21.75491598924191,-30,24
00:09:8b:02:5a:c0,00:09:8b:02:5a:c4,1234375000,-24,-32,-21.75491598924191,-30,24
00:09:8b:02:5a:c0,00:09:8b:02:5a:c4,1234570312.5,-25,-33,-21.75491598924191,-30,24
00:09:8b:02:5a:c0,00:09:8b:02:5a:c4,1234765625,-25,-33,-21.75491598924191,-30,24
00:09:8b:02:5a:c0,00:09:8b:02:5a:c4,1234960937.5,-24,-32,-21.75491598924191,-30,24
00:09:8b:02:5a:c0,00:09:8b:02:5a:c4,1235156250,-24,-32,-21.75491598924191,-30,24
00:09:8b:02:5a:c0,00:09:8b:02:5a:c4,1235351562.5,-24,-32,-21.75491598924191,-30,24
00:09:8b:02:5a:c0,00:09:8b:02:5a:c4,1235546875,-24,-32,-21.75491598924191,-30,24
00:09:8b:02:5a:c0,00:09:8b:02:5a:c4,1235742187.5,-25,-33,-21.75491598924191,-30,24
00:09:8b:02:5a:c0,00:09:8b:02:5a:c4,1235937500,-25,-33,-21.75491598924191,-30,24
00:09:8b:02:5a:c0,00:09:8b:02:5a:c4,1236132812.5,-24,-32,-21.75491598924191,-30,24
00:09:8b:02:5a:c0,00:09:8b:02:5a:c4,1236328125,-24,-32,-21.75491598924191,-30,24
00:09:8b:02:5a:c0,00:09:8b:02:5a:c4,1236523437.5,-24,-32,-21.75491598924191,-30,24
00:09:8b:02:5a:c0,00:09:8b:02:5a:c4,1236718750,-24,-32,-21.75491598924191,-30,24
00:09:8b:02:5a:c0,00:09:8b:02:5a:c4,1236914062.5,-26,-34,-21.75491598924191,-30,24
00:09:8b:02:5a:c0,00:09:8b:02:5a:c4,1237109375,-24,-32,-21.75491598924191,-30,24
00:09:8b:02:5a:c0,00:09:8b:02:5a:c4,1237304687.5,-25,-33,-21.75491598924191,-30,24
00:09:8b:02:5a:c0,00:09:8b:02:5a:c4,1237500000,-25,-33,-21.75491598924191,-30,24
00:09:8b:02:5a:c0,00:09:8b:02:5a:c4,1237695312.5,-25,-33,-21.75491598924191,-30,24
00:09:8b:02:5a:c0,00:09:8b:02:5a:c4,1237890625,-25,-33,-21.75491598924191,-30,24
00:09:8b:02:5a:c0,00:09:8b:02:5a:c4,1238085937.5,-26,-34,-21.75491598924191,-30,24
00:09:8b:02:5a:c0,00:09:8b:02:5a:c4,1238281250,-25,-33,-21.75491598924191,-30,24
00:09:8b:02:5a:c0,00:09:8b:02:5a:c4,1238476562.5,-25,-33,-21.75491598924191,-30,24
00:09:8b:02:5a:c0,00:09:8b:02:5a:c4,1238671875,-26,-34,-21.75491598924191,-30,24
00:09:8b:02:5a:c0,00:09:8b:02:5a:c4,1238867187.5,-26,-34,-21.75491598924191,-30,24
00:09:8b:02:5a:c0,00:09:8b:02:5a:c4,1239062500,-27,-35,-21.75491598924191,-30,24
00:09:8b:02:5a:c0,00:09:8b:02:5a:c4,1239257812.5,-27,-35,-21.75491598924191,-30,24
00:09:8b:02:5a:c0,00:09:8b:02:5a:c4,1239453125,-28,-36,-21.75491598924191,-30,24
00:09:8b:02:5a:c0,00:09:8b:02:5a:c4,1239648437.5,-27,-35,-21.75491598924191,-30,24
00:09:8b:02:5a:c0,00:09:8b:02:5a:c4,1239843750,-28,-36,-21.75491598924191,-30,24
00:09:8b:02:5a:c0,00:09:8b:02:5a:c4,1240039062.5,-28,-36,-21.75491598924191,-30,24
00:09:8b:02:5a:c0,00:09:8b:02:5a:c4,1240234375,-30,-38,-21.75491598924191,-30,24
00:09:8b:02:5a:c0,00:09:8b:02:5a:c4,1240429687.5,-31,-39,-21.75491598924191,-30,24
00:09:8b:02:5a:c0,00:09:8b:02:5a:c4,1240625000,-29,-37,-21.75491598924191,-30,24
00:09:8b:02:5a:c0,00:09:8b:02:5a:c4,1240820312.5,-30,-38,-21.75491598924191,-30,24
00:09:8b:02:5a:c0,00:09:8b:02:5a:c4,1241015625,-29,-37,-21.75491598924191,-30,24
00:09:8b:02:5a:c0,00:09:8b:02:5a:c4,1241210937.5,-31,-39,-21.75491598924191,-30,24
00:09:8b:02:5a:c0,00:09:8b:02:5a:c4,1241406250,-31,-39,-21.75491598924191,-30,24
00:09:8b:02:5a:c0,00:09:8b:02:5a:c4,1241601562.5,-30,-38,-21.75491598924191,-30,24
00:09:8b:02:5a:c0,00:09:8b:02:5a:c4,1241796875,-31,-39,-21.75491598924191,-30,24
00:09:8b:02:5a:c0,00:09:8b:02:5a:c4,1241992187.5,-30,-38,-21.75491598924191,-30,24
00:09:8b:02:5a:c0,00:09:8b:02:5a:c4,1242187500,-30,-38,-21.75491598924191,-30,24
00:09:8b:02:5a:c0,00:09:8b:02:5a:c4,1242382812.5,-31,-39,-21.75491598924191,-30,24
00:09:8b:02:5a:c0,00:09:8b:02:5a:c4,1242578125,-31,-39,-21.75491598924191,-30,24
00:09:8b:02:5a:c0,00:09:8b:02:5a:c4,1242773437.5,-31,-39,-21.75491598924191,-30,24
00:09:8b:02:5a:c0,00:09:8b:02:5a:c4,1242968750,-31,-39,-21.75491598924191,-30,24
00:09:8b:02:5a:c0,00:09:8b:02:5a:c4,1243164062.5,-30,-38,-21.75491598924191,-30,24
00:09:8b:02:5a:c0,00:09:8b:02:5a:c4,1243359375,-30,-38,-21.75491598924191,-30,24
00:09:8b:02:5a:c0,00:09:8b:02:5a:c4,1243554687.5,-29,-37,-21.75491598924191,-30,24
00:09:8b:02:5a:c0,00:09:8b:02:5a:c4,1243750000,-29,-37,-21.75491598924191,-30,24
00:09:8b:02:5a:c0,00:09:8b:02:5a:c4,1243945312.5,-30,-38,-21.75491598924191,-30,24
00:09:8b:02:5a:c0,00:09:8b:02:5a:c4,1244140625,-30,-38,-21.75491598924191,-30,24
00:09:8b:02:5a:c0,00:09:8b:02:5a:c4,1244335937.5,-30,-38,-21.75491598924191,-30,24
00:09:8b:02:5a:c0,00:09:8b:02:5a:c4,1244531250,-29,-37,-21.75491598924191,-30,24
00:09:8b:02:5a:c0,00:09:8b:02:5a:c4,1244726562.5,-28,-36,-21.75491598924191,-30,24
00:09:8b:02:5a:c0,00:09:8b:02:5a:c4,1244921875,-28,-36,-21.75491598924191,-30,24
00:09:8b:02:5a:c0,00:09:8b:02:5a:c4,1245117187.5,-29,-37,-21.75491598924191,-30,24
00:09:8b:02:5a:c0,00:09:8b:02:5a:c4,1245312500,-28,-36,-21.75491598924191,-30,24
00:09:8b:02:5a:c0,00:09:8b:02:5a:c4,1245507812.5,-29,-37,-21.75491598924191,-30,24
00:09:8b:02:5a:c0,00:09:8b:02:5a:c4,1245703125,-27,-35,-21.75491598924191,-30,24
00:09:8b:02:5a:c0,00:09:8b:02:5a:c4,1245898437.5,-27,-35,-21.75491598924191,-30,24
00:09:8b:02:5a:c0,00:09:8b:02:5a:c4,1246093750,-26,-34,-21.75491598924191,-30,24
00:09:8b:02:5a:c0,00:09:8b:02:5a:c4,1246289062.5,-28,-36,-21.75491598924191,-30,24
00:09:8b:02:5a:c0,00:09:8b:02:5a:c4,1246484375,-28,-36,-21.75491598924191,-30,24
00:09:8b:02:5a:c0,00:09:8b:02:5a:c4,1246679687.5,-27,-35,-21.75491598924191,-30,24
00:09:8b:02:5a:c0,00:09:8b:02:5a:c4,1246875000,-27,-35,-21.75491598924191,-30,24
00:09:8b:02:5a:c0,00:09:8b:02:5a:c4,1247070312.5,-27,-35,-21.75491598924191,-30,24
00:09:8b:02:5a:c0,00:09:8b:02:5a:c4,1247265625,-28,-36,-21.75491598924191,-30,24
00:09:8b:02:5a:c0,00:09:8b:02:5a:c4,1247460937.5,-26,-34,-21.75491598924191,-30,24
00:09:8b:02:5a:c0,00:09:8b:02:5a:c4,1247656250,-29,-37,-21.75491598924191,-30,24
00:09:8b:02:5a:c0,00:09:8b:02:5a:c4,1247851562.5,-33,-41,-21.75491598924191,-30,24
00:09:8b:02:5a:c0,00:09:8b:02:5a:c4,1248046875,-38,-46,-21.75491598924191,-30,24
00:09:8b:02:5a:c0,00:09:8b:02:5a:c4,1248242187.5,-43,-51,-21.75491598924191,-30,24
00:09:8b:02:5a:c0,00:09:8b:02:5a:c4,1248437500,-42,-50,-21.75491598924191,-30,24
00:09:8b:02:5a:c0,00:09:8b:02:5a:c4,1248632812.5,-43,-51,-21.75491598924191,-30,24
00:09:8b:02:5a:c0,00:09:8b:02:5a:c4,1248828125,-45,-53,-21.75491598924191,-30,24
00:09:8b:02:5a:c0,00:09:8b:02:5a:c4,1249023437.5,-46,-54,-21.75491598924191,-30,24
00:09:8b:02:5a:c0,00:09:8b:02:5a:c4,1249218750,-45,-53,-21.75491598924191,-30,24
00:09:8b:02:5a:c0,00:09:8b:02:5a:c4,1249414062.5,-47,-55,-21.75491598924191,-30,24
00:09:8b:02:5a:c0,00:09:8b:02:5a:c4,1249609375,-48,-56,-21.75491598924191,-30,24
00:09:8b:02:5a:c0,00:09:8b:02:5a:c4,1249804687.5,-47,-55,-21.75491598924191,-30,24
00:09:8b:02:5a:c0,00:09:8b:02:5a:c4,1250000000,-47,-55,-21.75491598924191,-30,24
